('port 1',TE,1,'port 1',1,'transmission')
(101,3)
1.8737e+014	0.00138069	0.690456
1.87495e+014	0.00176813	1.42176
1.8762e+014	0.0021919	2.01148
1.87745e+014	0.00251463	2.53335
1.8787e+014	0.00266315	3.03017
1.87995e+014	0.00261083	3.52725
1.8812e+014	0.00237303	4.04631
1.88245e+014	0.00200682	4.61581
1.8837e+014	0.00161347	5.27905
1.88495e+014	0.00133547	6.07351
1.88619e+014	0.00128418	6.92521
1.88744e+014	0.00140087	7.66999
1.88869e+014	0.00153275	8.2684
1.88994e+014	0.00158716	8.75909
1.89119e+014	0.00154714	9.1717
1.89244e+014	0.00144488	9.52143
1.89369e+014	0.00133448	9.82657
1.89494e+014	0.00125962	10.128
1.89619e+014	0.00122886	10.4871
1.89744e+014	0.00123027	10.9557
1.89869e+014	0.00127541	11.5526
1.89993e+014	0.00141523	12.2455
1.90118e+014	0.00169221	12.9587
1.90243e+014	0.00208667	13.6375
1.90368e+014	0.0025314	14.2773
1.90493e+014	0.00295301	14.8962
1.90618e+014	0.00329716	15.5131
1.90743e+014	0.00354084	16.1435
1.90868e+014	0.00369711	16.7982
1.90993e+014	0.00380996	17.4814
1.91118e+014	0.00393539	18.1886
1.91243e+014	0.00411195	18.907
1.91368e+014	0.00433866	19.6221
1.91492e+014	0.00457876	20.3262
1.91617e+014	0.00478427	21.0205
1.91742e+014	0.00492108	21.7114
1.91867e+014	0.00498183	22.4064
1.91992e+014	0.00498473	23.1112
1.92117e+014	0.00496103	23.8274
1.92242e+014	0.00493703	24.5523
1.92367e+014	0.00492028	25.2808
1.92492e+014	0.00489885	26.0094
1.92617e+014	0.00485369	26.7379
1.92742e+014	0.00477427	27.4693
1.92866e+014	0.00466692	28.2077
1.92991e+014	0.0045511	28.955
1.93116e+014	0.00444584	29.7097
1.93241e+014	0.00435547	30.4675
1.93366e+014	0.00426629	31.2254
1.93491e+014	0.00415815	31.9846
1.93616e+014	0.0040235	32.7512
1.93741e+014	0.00388092	33.5329
1.93866e+014	0.00377265	34.3328
1.93991e+014	0.00374139	35.1438
1.94116e+014	0.00379768	35.9503
1.94241e+014	0.0039067	36.7391
1.94365e+014	0.00401006	37.5089
1.9449e+014	0.00406252	38.2692
1.94615e+014	0.00405849	39.034
1.9474e+014	0.00403824	39.8143
1.94865e+014	0.00406901	40.61
1.9499e+014	0.00420193	41.4067
1.95115e+014	0.00443091	42.1849
1.9524e+014	0.00469269	42.9347
1.95365e+014	0.00490593	43.6598
1.9549e+014	0.00501291	44.3729
1.95615e+014	0.00500364	45.089
1.95739e+014	0.00492091	45.8209
1.95864e+014	0.00484468	46.5732
1.95989e+014	0.00485197	47.3373
1.96114e+014	0.00496686	48.0945
1.96239e+014	0.00514114	48.8285
1.96364e+014	0.00528524	49.536
1.96489e+014	0.00531802	50.225
1.96614e+014	0.00520185	50.9099
1.96739e+014	0.00495655	51.6067
1.96864e+014	0.00465544	52.3286
1.96989e+014	0.00440019	53.079
1.97114e+014	0.00426939	53.8438
1.97238e+014	0.004264	54.5962
1.97363e+014	0.00430417	55.3167
1.97488e+014	0.00428363	56.004
1.97613e+014	0.00412583	56.671
1.97738e+014	0.00381071	57.3376
1.97863e+014	0.00337959	58.028
1.97988e+014	0.00292823	58.7673
1.98113e+014	0.00258087	59.5667
1.98238e+014	0.00242114	60.3945
1.98363e+014	0.00241182	61.1872
1.98488e+014	0.00242259	61.9125
1.98613e+014	0.0023338	62.5831
1.98737e+014	0.00208909	63.2305
1.98862e+014	0.00169888	63.8986
1.98987e+014	0.00123979	64.6661
1.99112e+014	0.000885309	65.6853
1.99237e+014	0.000879683	66.8953
1.99362e+014	0.0011283	67.8484
1.99487e+014	0.0013506	68.5822
1.99612e+014	0.00142266	69.2429
1.99737e+014	0.00132525	69.9172
1.99862e+014	0.00111771	70.6936
('port 2',TE,1,'port 1',1,'transmission')
(101,3)
1.8737e+014	0.00144499	-3.05806
1.87495e+014	0.00124041	-2.34787
1.8762e+014	0.00102439	-1.62513
1.87745e+014	0.000808155	-0.884171
1.8787e+014	0.000600561	-0.119327
1.87995e+014	0.000405873	0.677346
1.8812e+014	0.000222999	1.53601
1.88245e+014	5.55115e-005	2.93345
1.8837e+014	0.000151838	5.80111
1.88495e+014	0.000347602	6.72235
1.88619e+014	0.000563057	7.52584
1.88744e+014	0.000796846	8.29416
1.88869e+014	0.00104553	9.04333
1.88994e+014	0.00130355	9.78032
1.89119e+014	0.00156418	10.5095
1.89244e+014	0.00182031	11.2343
1.89369e+014	0.00206521	11.9572
1.89494e+014	0.00229317	12.6807
1.89619e+014	0.00250031	13.4067
1.89744e+014	0.00268533	14.1371
1.89869e+014	0.00284997	14.8732
1.89993e+014	0.00299892	15.6155
1.90118e+014	0.00313887	16.3637
1.90243e+014	0.00327669	17.1164
1.90368e+014	0.00341725	17.8713
1.90493e+014	0.0035615	18.6259
1.90618e+014	0.00370583	19.3782
1.90743e+014	0.0038428	20.1271
1.90868e+014	0.00396307	20.8726
1.90993e+014	0.00405781	21.6159
1.91118e+014	0.0041208	22.3587
1.91243e+014	0.00414982	23.1032
1.91368e+014	0.00414711	23.8514
1.91492e+014	0.00411885	24.6049
1.91617e+014	0.00407376	25.3645
1.91742e+014	0.00402113	26.1302
1.91867e+014	0.00396853	26.9008
1.91992e+014	0.00391996	27.6746
1.92117e+014	0.00387495	28.4495
1.92242e+014	0.00382884	29.224
1.92367e+014	0.00377432	29.9973
1.92492e+014	0.00370357	30.7698
1.92617e+014	0.00361058	31.5431
1.92742e+014	0.00349298	32.3198
1.92866e+014	0.00335331	33.1032
1.92991e+014	0.00319937	33.8966
1.93116e+014	0.00304351	34.7029
1.93241e+014	0.00290063	35.5236
1.93366e+014	0.00278472	36.3575
1.93491e+014	0.00270486	37.2005
1.93616e+014	0.00266216	38.0468
1.93741e+014	0.0026498	38.8911
1.93866e+014	0.00265637	39.7307
1.93991e+014	0.00267088	40.566
1.94116e+014	0.00268702	41.3995
1.94241e+014	0.00270531	42.2344
1.94365e+014	0.00273281	43.0728
1.9449e+014	0.0027805	43.9147
1.94615e+014	0.00285892	44.757
1.9474e+014	0.00297363	45.5946
1.94865e+014	0.00312252	46.4228
1.9499e+014	0.00329612	47.2384
1.95115e+014	0.00348044	48.0408
1.9524e+014	0.00366061	48.8315
1.95365e+014	0.00382404	49.6135
1.9549e+014	0.00396259	50.39
1.95615e+014	0.00407357	51.1643
1.95739e+014	0.00415975	51.9389
1.95864e+014	0.00422835	52.7154
1.95989e+014	0.00428881	53.4942
1.96114e+014	0.00435001	54.2744
1.96239e+014	0.00441722	55.0539
1.96364e+014	0.00449009	55.8306
1.96489e+014	0.00456247	56.6026
1.96614e+014	0.004624	57.369
1.96739e+014	0.00466306	58.1301
1.96864e+014	0.0046698	58.8874
1.96989e+014	0.00463856	59.6428
1.97114e+014	0.00456897	60.3987
1.97238e+014	0.00446584	61.1572
1.97363e+014	0.00433774	61.9198
1.97488e+014	0.00419477	62.6874
1.97613e+014	0.00404606	63.4595
1.97738e+014	0.00389768	64.235
1.97863e+014	0.00375156	65.0124
1.97988e+014	0.00360569	65.7899
1.98113e+014	0.00345521	66.5663
1.98238e+014	0.00329399	67.3412
1.98363e+014	0.003116	68.1148
1.98488e+014	0.00291645	68.8888
1.98613e+014	0.00269274	69.6656
1.98737e+014	0.00244556	70.4497
1.98862e+014	0.00218029	71.2478
1.98987e+014	0.0019086	72.0696
1.99112e+014	0.00164981	72.9278
1.99237e+014	0.00143053	73.8348
1.99362e+014	0.00127887	74.7916
1.99487e+014	0.00120981	75.776
1.99612e+014	0.00121158	76.7517
1.99737e+014	0.00125355	77.6986
1.99862e+014	0.00130938	78.6213
('port 3',TE,1,'port 1',1,'transmission')
(101,3)
1.8737e+014	0.575715	0.294037
1.87495e+014	0.579191	0.69148
1.8762e+014	0.58264	1.08895
1.87745e+014	0.586061	1.48645
1.8787e+014	0.589455	1.88397
1.87995e+014	0.592822	2.28152
1.8812e+014	0.596162	2.67909
1.88245e+014	0.599476	3.07669
1.8837e+014	0.602763	3.47431
1.88495e+014	0.606023	3.87195
1.88619e+014	0.609257	4.26961
1.88744e+014	0.612464	4.6673
1.88869e+014	0.615645	5.065
1.88994e+014	0.618801	5.46273
1.89119e+014	0.621932	5.86047
1.89244e+014	0.625038	6.25824
1.89369e+014	0.62812	6.65603
1.89494e+014	0.631176	7.05383
1.89619e+014	0.634208	7.45166
1.89744e+014	0.637214	7.8495
1.89869e+014	0.640197	8.24736
1.89993e+014	0.643155	8.64524
1.90118e+014	0.646089	9.04313
1.90243e+014	0.649	9.44105
1.90368e+014	0.651886	9.83898
1.90493e+014	0.654748	10.2369
1.90618e+014	0.657586	10.6349
1.90743e+014	0.6604	11.0329
1.90868e+014	0.663192	11.4308
1.90993e+014	0.665962	11.8289
1.91118e+014	0.668711	12.2269
1.91243e+014	0.671437	12.6249
1.91368e+014	0.67414	13.023
1.91492e+014	0.67682	13.421
1.91617e+014	0.679477	13.8191
1.91742e+014	0.682111	14.2172
1.91867e+014	0.684724	14.6153
1.91992e+014	0.687315	15.0134
1.92117e+014	0.689885	15.4115
1.92242e+014	0.692435	15.8097
1.92367e+014	0.694963	16.2078
1.92492e+014	0.697469	16.606
1.92617e+014	0.699954	17.0042
1.92742e+014	0.702417	17.4024
1.92866e+014	0.704861	17.8006
1.92991e+014	0.707284	18.1988
1.93116e+014	0.709689	18.597
1.93241e+014	0.712074	18.9953
1.93366e+014	0.714439	19.3935
1.93491e+014	0.716784	19.7918
1.93616e+014	0.719109	20.19
1.93741e+014	0.721413	20.5883
1.93866e+014	0.723697	20.9866
1.93991e+014	0.725963	21.3849
1.94116e+014	0.728209	21.7832
1.94241e+014	0.730436	22.1815
1.94365e+014	0.732644	22.5799
1.9449e+014	0.734833	22.9782
1.94615e+014	0.737003	23.3766
1.9474e+014	0.739155	23.7749
1.94865e+014	0.741289	24.1733
1.9499e+014	0.743406	24.5717
1.95115e+014	0.745505	24.9701
1.9524e+014	0.747587	25.3685
1.95365e+014	0.749652	25.7669
1.9549e+014	0.751699	26.1653
1.95615e+014	0.753729	26.5637
1.95739e+014	0.755741	26.9621
1.95864e+014	0.757735	27.3606
1.95989e+014	0.759711	27.759
1.96114e+014	0.76167	28.1575
1.96239e+014	0.763612	28.556
1.96364e+014	0.765537	28.9544
1.96489e+014	0.767445	29.3529
1.96614e+014	0.769338	29.7514
1.96739e+014	0.771215	30.1499
1.96864e+014	0.773076	30.5484
1.96989e+014	0.774921	30.9469
1.97114e+014	0.776751	31.3455
1.97238e+014	0.778566	31.744
1.97363e+014	0.780365	32.1425
1.97488e+014	0.782149	32.5411
1.97613e+014	0.783917	32.9397
1.97738e+014	0.785671	33.3382
1.97863e+014	0.787408	33.7368
1.97988e+014	0.789131	34.1354
1.98113e+014	0.790838	34.534
1.98238e+014	0.792529	34.9326
1.98363e+014	0.794206	35.3312
1.98488e+014	0.795867	35.7298
1.98613e+014	0.797514	36.1284
1.98737e+014	0.799147	36.527
1.98862e+014	0.800766	36.9257
1.98987e+014	0.802371	37.3243
1.99112e+014	0.803963	37.723
1.99237e+014	0.805542	38.1216
1.99362e+014	0.807107	38.5203
1.99487e+014	0.808659	38.919
1.99612e+014	0.810198	39.3176
1.99737e+014	0.811723	39.7163
1.99862e+014	0.813235	40.115
('port 4',TE,1,'port 1',1,'transmission')
(101,3)
1.8737e+014	0.811616	1.89506
1.87495e+014	0.809152	2.35707
1.8762e+014	0.806684	2.81909
1.87745e+014	0.804211	3.28111
1.8787e+014	0.801734	3.74314
1.87995e+014	0.799255	4.20517
1.8812e+014	0.796772	4.66721
1.88245e+014	0.794287	5.12925
1.8837e+014	0.7918	5.5913
1.88495e+014	0.78931	6.05335
1.88619e+014	0.786818	6.5154
1.88744e+014	0.784324	6.97746
1.88869e+014	0.781829	7.43952
1.88994e+014	0.779333	7.90158
1.89119e+014	0.776839	8.36364
1.89244e+014	0.774344	8.82571
1.89369e+014	0.77185	9.28779
1.89494e+014	0.769356	9.74987
1.89619e+014	0.766862	10.212
1.89744e+014	0.764368	10.674
1.89869e+014	0.761875	11.1361
1.89993e+014	0.759382	11.5982
1.90118e+014	0.756891	12.0603
1.90243e+014	0.754399	12.5224
1.90368e+014	0.751907	12.9846
1.90493e+014	0.749415	13.4467
1.90618e+014	0.746921	13.9088
1.90743e+014	0.744428	14.3709
1.90868e+014	0.741936	14.833
1.90993e+014	0.739445	15.2952
1.91118e+014	0.736956	15.7573
1.91243e+014	0.734469	16.2194
1.91368e+014	0.731982	16.6816
1.91492e+014	0.729497	17.1437
1.91617e+014	0.727014	17.6058
1.91742e+014	0.724533	18.068
1.91867e+014	0.722056	18.5301
1.91992e+014	0.719584	18.9923
1.92117e+014	0.717118	19.4544
1.92242e+014	0.714656	19.9166
1.92367e+014	0.712198	20.3787
1.92492e+014	0.709744	20.8409
1.92617e+014	0.707294	21.3031
1.92742e+014	0.704848	21.7652
1.92866e+014	0.702407	22.2274
1.92991e+014	0.69997	22.6896
1.93116e+014	0.697539	23.1517
1.93241e+014	0.695113	23.6139
1.93366e+014	0.692691	24.0761
1.93491e+014	0.690273	24.5383
1.93616e+014	0.687858	25.0005
1.93741e+014	0.685448	25.4627
1.93866e+014	0.683042	25.9249
1.93991e+014	0.68064	26.3871
1.94116e+014	0.678242	26.8493
1.94241e+014	0.67585	27.3115
1.94365e+014	0.673461	27.7737
1.9449e+014	0.671077	28.2359
1.94615e+014	0.668696	28.6981
1.9474e+014	0.66632	29.1603
1.94865e+014	0.663947	29.6225
1.9499e+014	0.661579	30.0848
1.95115e+014	0.659216	30.547
1.9524e+014	0.656857	31.0092
1.95365e+014	0.654503	31.4715
1.9549e+014	0.652153	31.9337
1.95615e+014	0.649807	32.3959
1.95739e+014	0.647465	32.8581
1.95864e+014	0.645128	33.3204
1.95989e+014	0.642795	33.7826
1.96114e+014	0.640467	34.2449
1.96239e+014	0.638144	34.7071
1.96364e+014	0.635826	35.1693
1.96489e+014	0.633513	35.6316
1.96614e+014	0.631206	36.0938
1.96739e+014	0.628904	36.5561
1.96864e+014	0.626609	37.0183
1.96989e+014	0.62432	37.4806
1.97114e+014	0.622037	37.9428
1.97238e+014	0.61976	38.4051
1.97363e+014	0.61749	38.8673
1.97488e+014	0.615227	39.3296
1.97613e+014	0.61297	39.7918
1.97738e+014	0.610721	40.2541
1.97863e+014	0.608478	40.7164
1.97988e+014	0.606241	41.1786
1.98113e+014	0.604011	41.6409
1.98238e+014	0.601786	42.1032
1.98363e+014	0.599566	42.5655
1.98488e+014	0.597351	43.0278
1.98613e+014	0.595141	43.4901
1.98737e+014	0.592936	43.9524
1.98862e+014	0.590736	44.4147
1.98987e+014	0.588541	44.877
1.99112e+014	0.58635	45.3393
1.99237e+014	0.584164	45.8016
1.99362e+014	0.581983	46.264
1.99487e+014	0.579807	46.7263
1.99612e+014	0.577637	47.1886
1.99737e+014	0.575472	47.6509
1.99862e+014	0.573313	48.1133
('port 1',TE,1,'port 2',1,'transmission')
(101,3)
1.8737e+014	0.00128362	2.86804
1.87495e+014	0.00099035	3.55575
1.8762e+014	0.000694929	4.1687
1.87745e+014	0.00043946	4.57059
1.8787e+014	0.000346057	4.54024
1.87995e+014	0.000495214	4.66745
1.8812e+014	0.00073185	5.19158
1.88245e+014	0.000976131	5.8711
1.8837e+014	0.00121038	6.61252
1.88495e+014	0.00143123	7.38142
1.88619e+014	0.00163673	8.16074
1.88744e+014	0.00182125	8.94037
1.88869e+014	0.00197404	9.71444
1.88994e+014	0.00208093	10.4803
1.89119e+014	0.0021278	11.2374
1.89244e+014	0.00210448	11.9866
1.89369e+014	0.00200761	12.7288
1.89494e+014	0.00184185	13.4636
1.89619e+014	0.00161924	14.1882
1.89744e+014	0.0013576	14.8928
1.89869e+014	0.00107984	15.554
1.89993e+014	0.000819544	16.1167
1.90118e+014	0.000643994	16.4849
1.90243e+014	0.000663941	16.7038
1.90368e+014	0.000895803	17.079
1.90493e+014	0.00125053	17.6515
1.90618e+014	0.0016701	18.3257
1.90743e+014	0.00212606	19.047
1.90868e+014	0.0025982	19.7915
1.90993e+014	0.00306794	20.5489
1.91118e+014	0.00351782	21.3148
1.91243e+014	0.00393281	22.0877
1.91368e+014	0.00430197	22.8675
1.91492e+014	0.00461975	23.6543
1.91617e+014	0.00488646	24.4485
1.91742e+014	0.00510749	25.2498
1.91867e+014	0.00529122	26.0573
1.91992e+014	0.00544582	26.8696
1.92117e+014	0.00557599	27.6846
1.92242e+014	0.00568097	28.5004
1.92367e+014	0.00575463	29.3154
1.92492e+014	0.00578783	30.1294
1.92617e+014	0.00577212	30.9429
1.92742e+014	0.00570339	31.7577
1.92866e+014	0.00558434	32.5758
1.92991e+014	0.00542517	33.3996
1.93116e+014	0.00524219	34.2307
1.93241e+014	0.0050548	35.07
1.93366e+014	0.0048812	35.9165
1.93491e+014	0.00473426	36.768
1.93616e+014	0.00461885	37.6212
1.93741e+014	0.0045318	38.4728
1.93866e+014	0.0044646	39.3209
1.93991e+014	0.00440773	40.1647
1.94116e+014	0.0043548	41.0053
1.94241e+014	0.00430536	41.8445
1.94365e+014	0.00426563	42.6839
1.9449e+014	0.00424693	43.5242
1.94615e+014	0.00426195	44.3642
1.9474e+014	0.00432	45.2011
1.94865e+014	0.0044229	46.0311
1.9499e+014	0.00456362	46.8513
1.95115e+014	0.00472823	47.6603
1.9524e+014	0.00490003	48.4588
1.95365e+014	0.00506395	49.2493
1.9549e+014	0.00520995	50.035
1.95615e+014	0.00533465	50.8192
1.95739e+014	0.00544107	51.6044
1.95864e+014	0.00553675	52.3923
1.95989e+014	0.00563047	53.183
1.96114e+014	0.00572859	53.9756
1.96239e+014	0.00583215	54.7685
1.96364e+014	0.00593571	55.5602
1.96489e+014	0.00602848	56.3494
1.96614e+014	0.00609692	57.1361
1.96739e+014	0.00612788	57.9207
1.96864e+014	0.0061112	58.7044
1.96989e+014	0.00604136	59.4885
1.97114e+014	0.00591794	60.2746
1.97238e+014	0.00574533	61.064
1.97363e+014	0.00553164	61.8579
1.97488e+014	0.00528722	62.6567
1.97613e+014	0.00502277	63.4604
1.97738e+014	0.00474724	64.2684
1.97863e+014	0.00446592	65.079
1.97988e+014	0.00417929	65.8905
1.98113e+014	0.00388337	66.7013
1.98238e+014	0.00357166	67.5105
1.98363e+014	0.00323831	68.319
1.98488e+014	0.00288163	69.13
1.98613e+014	0.00250696	69.9495
1.98737e+014	0.00212839	70.7872
1.98862e+014	0.00176922	71.6572
1.98987e+014	0.00146061	72.5758
1.99112e+014	0.0012356	73.5505
1.99237e+014	0.00111324	74.5602
1.99362e+014	0.00107974	75.5554
1.99487e+014	0.00109511	76.4999
1.99612e+014	0.00112233	77.3925
1.99737e+014	0.00114395	78.2493
1.99862e+014	0.001161	79.0861
('port 2',TE,1,'port 2',1,'transmission')
(101,3)
1.8737e+014	0.000547468	-1.26147
1.87495e+014	0.000549368	-1.06552
1.8762e+014	0.000511382	-0.816093
1.87745e+014	0.000425599	-0.529404
1.8787e+014	0.000296891	-0.214948
1.87995e+014	0.000140455	0.142006
1.8812e+014	2.64542e-005	3.03474
1.88245e+014	0.000171922	3.74068
1.8837e+014	0.000286174	4.04977
1.88495e+014	0.000358047	4.30339
1.88619e+014	0.000391103	4.49738
1.88744e+014	0.00040213	4.62132
1.88869e+014	0.000414623	4.68826
1.88994e+014	0.000442831	4.74613
1.89119e+014	0.000480569	4.83857
1.89244e+014	0.000510674	4.96938
1.89369e+014	0.000521356	5.11629
1.89494e+014	0.000513984	5.25474
1.89619e+014	0.000500977	5.37566
1.89744e+014	0.000494388	5.4997
1.89869e+014	0.000491668	5.6693
1.89993e+014	0.000474557	5.92022
1.90118e+014	0.000423659	6.27828
1.90243e+014	0.000336544	6.79971
1.90368e+014	0.000253809	7.64443
1.90493e+014	0.000279243	8.75893
1.90618e+014	0.000410061	9.56293
1.90743e+014	0.000542419	10.1075
1.90868e+014	0.000614002	10.5287
1.90993e+014	0.000596654	10.847
1.91118e+014	0.000502873	10.9921
1.91243e+014	0.000437143	10.8008
1.91368e+014	0.000584187	10.5264
1.91492e+014	0.000900567	10.5825
1.91617e+014	0.00124268	10.8247
1.91742e+014	0.00151816	11.1359
1.91867e+014	0.00166624	11.4676
1.91992e+014	0.00165422	11.7909
1.92117e+014	0.00148487	12.0735
1.92242e+014	0.00121098	12.2568
1.92367e+014	0.000967637	12.2408
1.92492e+014	0.000965127	12.0583
1.92617e+014	0.00121724	12.0293
1.92742e+014	0.00151559	12.206
1.92866e+014	0.00170941	12.4866
1.92991e+014	0.00172988	12.8078
1.93116e+014	0.001563	13.1301
1.93241e+014	0.00124186	13.4068
1.93366e+014	0.000856905	13.5309
1.93491e+014	0.000618957	13.2797
1.93616e+014	0.000758003	12.978
1.93741e+014	0.00104393	13.0816
1.93866e+014	0.00124707	13.3801
1.93991e+014	0.00129148	13.7522
1.94116e+014	0.00116539	14.1511
1.94241e+014	0.000894715	14.5412
1.94365e+014	0.000535732	14.8351
1.9449e+014	0.00023393	14.4582
1.94615e+014	0.000417034	13.7049
1.9474e+014	0.000739128	13.9706
1.94865e+014	0.000993559	14.4306
1.9499e+014	0.00114974	14.9496
1.95115e+014	0.00120086	15.4928
1.9524e+014	0.00114632	16.0405
1.95365e+014	0.000985787	16.5722
1.9549e+014	0.000721416	17.0496
1.95615e+014	0.000377137	17.3028
1.95739e+014	0.00025599	16.2406
1.95864e+014	0.000687345	16.1102
1.95989e+014	0.00117194	16.4818
1.96114e+014	0.00159066	16.9184
1.96239e+014	0.00187278	17.3627
1.96364e+014	0.00196614	17.7957
1.96489e+014	0.00184646	18.2009
1.96614e+014	0.00152919	18.5464
1.96739e+014	0.00109195	18.7425
1.96864e+014	0.000766136	18.5486
1.96989e+014	0.000937889	18.1798
1.97114e+014	0.0013993	18.245
1.97238e+014	0.00181259	18.5245
1.97363e+014	0.00204607	18.8746
1.97488e+014	0.00205181	19.2453
1.97613e+014	0.00183323	19.6085
1.97738e+014	0.00143819	19.93
1.97863e+014	0.000961629	20.1258
1.97988e+014	0.000596115	19.9438
1.98113e+014	0.000646889	19.49
1.98238e+014	0.000913192	19.5106
1.98363e+014	0.00109458	19.7785
1.98488e+014	0.00111112	20.1275
1.98613e+014	0.000962907	20.5025
1.98737e+014	0.000689041	20.8695
1.98862e+014	0.00035353	21.1435
1.98987e+014	0.000104505	20.2493
1.99112e+014	0.000305065	19.5083
1.99237e+014	0.000473272	19.8091
1.99362e+014	0.000519981	20.2068
1.99487e+014	0.00044707	20.6281
1.99612e+014	0.000282563	21.0417
1.99737e+014	7.38742e-005	21.2091
1.99862e+014	0.000146973	19.1635
('port 3',TE,1,'port 2',1,'transmission')
(101,3)
1.8737e+014	0.811878	-1.36783
1.87495e+014	0.80941	-0.90589
1.8762e+014	0.806938	-0.443944
1.87745e+014	0.804464	0.0180064
1.8787e+014	0.801987	0.479961
1.87995e+014	0.799506	0.94192
1.8812e+014	0.797023	1.40388
1.88245e+014	0.794536	1.86585
1.8837e+014	0.792048	2.32781
1.88495e+014	0.78956	2.78978
1.88619e+014	0.787071	3.25176
1.88744e+014	0.784582	3.71373
1.88869e+014	0.782091	4.17572
1.88994e+014	0.779599	4.63771
1.89119e+014	0.777104	5.0997
1.89244e+014	0.774609	5.56169
1.89369e+014	0.772113	6.02369
1.89494e+014	0.769617	6.48569
1.89619e+014	0.767122	6.9477
1.89744e+014	0.764626	7.4097
1.89869e+014	0.762131	7.87171
1.89993e+014	0.759638	8.33372
1.90118e+014	0.757146	8.79574
1.90243e+014	0.754656	9.25777
1.90368e+014	0.752168	9.7198
1.90493e+014	0.749678	10.1818
1.90618e+014	0.747187	10.6439
1.90743e+014	0.744694	11.1059
1.90868e+014	0.742201	11.568
1.90993e+014	0.739709	12.03
1.91118e+014	0.737218	12.4921
1.91243e+014	0.734727	12.9541
1.91368e+014	0.732238	13.4162
1.91492e+014	0.72975	13.8782
1.91617e+014	0.727266	14.3403
1.91742e+014	0.724786	14.8023
1.91867e+014	0.722313	15.2644
1.91992e+014	0.719845	15.7265
1.92117e+014	0.717381	16.1885
1.92242e+014	0.714919	16.6506
1.92367e+014	0.71246	17.1127
1.92492e+014	0.710003	17.5747
1.92617e+014	0.70755	18.0368
1.92742e+014	0.705103	18.4989
1.92866e+014	0.70266	18.961
1.92991e+014	0.700221	19.4231
1.93116e+014	0.697786	19.8852
1.93241e+014	0.695355	20.3473
1.93366e+014	0.692928	20.8094
1.93491e+014	0.690507	21.2715
1.93616e+014	0.688091	21.7336
1.93741e+014	0.685679	22.1957
1.93866e+014	0.68327	22.6578
1.93991e+014	0.680864	23.1199
1.94116e+014	0.67846	23.5821
1.94241e+014	0.676059	24.0442
1.94365e+014	0.673664	24.5063
1.9449e+014	0.671274	24.9684
1.94615e+014	0.66889	25.4306
1.9474e+014	0.666511	25.8927
1.94865e+014	0.664137	26.3549
1.9499e+014	0.661767	26.817
1.95115e+014	0.659403	27.2791
1.9524e+014	0.657043	27.7413
1.95365e+014	0.654688	28.2035
1.9549e+014	0.652336	28.6656
1.95615e+014	0.649987	29.1278
1.95739e+014	0.64764	29.5899
1.95864e+014	0.645298	30.0521
1.95989e+014	0.642961	30.5143
1.96114e+014	0.640629	30.9764
1.96239e+014	0.638304	31.4386
1.96364e+014	0.635986	31.9007
1.96489e+014	0.633675	32.3629
1.96614e+014	0.631371	32.8251
1.96739e+014	0.629074	33.2872
1.96864e+014	0.626783	33.7494
1.96989e+014	0.624497	34.2116
1.97114e+014	0.622217	34.6737
1.97238e+014	0.619942	35.1359
1.97363e+014	0.617672	35.5981
1.97488e+014	0.615408	36.0603
1.97613e+014	0.613151	36.5225
1.97738e+014	0.610901	36.9846
1.97863e+014	0.608659	37.4468
1.97988e+014	0.606424	37.909
1.98113e+014	0.604197	38.3712
1.98238e+014	0.601975	38.8334
1.98363e+014	0.59976	39.2956
1.98488e+014	0.597549	39.7578
1.98613e+014	0.595341	40.22
1.98737e+014	0.593136	40.6823
1.98862e+014	0.590933	41.1445
1.98987e+014	0.588734	41.6067
1.99112e+014	0.586538	42.069
1.99237e+014	0.584348	42.5312
1.99362e+014	0.582165	42.9935
1.99487e+014	0.579988	43.4557
1.99612e+014	0.577819	43.9179
1.99737e+014	0.575657	44.3802
1.99862e+014	0.573503	44.8424
('port 4',TE,1,'port 2',1,'transmission')
(101,3)
1.8737e+014	0.575237	-2.90785
1.87495e+014	0.578734	-2.38136
1.8762e+014	0.582202	-1.85489
1.87745e+014	0.585641	-1.32844
1.8787e+014	0.589051	-0.801996
1.87995e+014	0.592431	-0.275572
1.8812e+014	0.595782	0.250839
1.88245e+014	0.599104	0.777234
1.8837e+014	0.602397	1.30361
1.88495e+014	0.605663	1.82998
1.88619e+014	0.608903	2.35633
1.88744e+014	0.612117	2.88267
1.88869e+014	0.615305	3.40899
1.88994e+014	0.618467	3.93531
1.89119e+014	0.621605	4.46161
1.89244e+014	0.624718	4.98789
1.89369e+014	0.627808	5.51416
1.89494e+014	0.630875	6.04042
1.89619e+014	0.633918	6.56667
1.89744e+014	0.636938	7.09291
1.89869e+014	0.639932	7.61913
1.89993e+014	0.642903	8.14534
1.90118e+014	0.645849	8.67155
1.90243e+014	0.64877	9.19774
1.90368e+014	0.651666	9.72392
1.90493e+014	0.654534	10.2501
1.90618e+014	0.657375	10.7763
1.90743e+014	0.660187	11.3024
1.90868e+014	0.662971	11.8285
1.90993e+014	0.665729	12.3547
1.91118e+014	0.668461	12.8808
1.91243e+014	0.671164	13.4069
1.91368e+014	0.67384	13.933
1.91492e+014	0.676489	14.4591
1.91617e+014	0.679113	14.9851
1.91742e+014	0.681713	15.5112
1.91867e+014	0.684292	16.0373
1.91992e+014	0.686849	16.5633
1.92117e+014	0.689386	17.0894
1.92242e+014	0.691901	17.6154
1.92367e+014	0.694395	18.1414
1.92492e+014	0.696869	18.6675
1.92617e+014	0.699324	19.1935
1.92742e+014	0.701761	19.7195
1.92866e+014	0.70418	20.2456
1.92991e+014	0.706579	20.7716
1.93116e+014	0.708957	21.2976
1.93241e+014	0.711315	21.8237
1.93366e+014	0.713652	22.3497
1.93491e+014	0.71597	22.8757
1.93616e+014	0.71827	23.4017
1.93741e+014	0.720551	23.9278
1.93866e+014	0.722812	24.4538
1.93991e+014	0.725053	24.9798
1.94116e+014	0.727275	25.5058
1.94241e+014	0.729478	26.0319
1.94365e+014	0.731664	26.5579
1.9449e+014	0.733834	27.0839
1.94615e+014	0.735986	27.6099
1.9474e+014	0.73812	28.1359
1.94865e+014	0.740236	28.662
1.9499e+014	0.742335	29.188
1.95115e+014	0.744417	29.714
1.9524e+014	0.746484	30.24
1.95365e+014	0.748535	30.766
1.9549e+014	0.75057	31.292
1.95615e+014	0.752589	31.818
1.95739e+014	0.754591	32.344
1.95864e+014	0.756579	32.87
1.95989e+014	0.758551	33.396
1.96114e+014	0.760509	33.922
1.96239e+014	0.762452	34.4479
1.96364e+014	0.764381	34.9739
1.96489e+014	0.766295	35.4998
1.96614e+014	0.768196	36.0258
1.96739e+014	0.770083	36.5517
1.96864e+014	0.771956	37.0776
1.96989e+014	0.773816	37.6035
1.97114e+014	0.775662	38.1294
1.97238e+014	0.777495	38.6553
1.97363e+014	0.779314	39.1812
1.97488e+014	0.78112	39.7071
1.97613e+014	0.782912	40.233
1.97738e+014	0.784691	40.7589
1.97863e+014	0.786455	41.2848
1.97988e+014	0.788206	41.8107
1.98113e+014	0.789941	42.3366
1.98238e+014	0.791661	42.8625
1.98363e+014	0.793365	43.3884
1.98488e+014	0.795053	43.9143
1.98613e+014	0.796724	44.4402
1.98737e+014	0.798379	44.9661
1.98862e+014	0.800015	45.492
1.98987e+014	0.801635	46.0179
1.99112e+014	0.803239	46.5438
1.99237e+014	0.804827	47.0697
1.99362e+014	0.806399	47.5956
1.99487e+014	0.807956	48.1215
1.99612e+014	0.809498	48.6474
1.99737e+014	0.811025	49.1732
1.99862e+014	0.812536	49.6991
('port 1',TE,1,'port 3',1,'transmission')
(101,3)
1.8737e+014	0.575715	0.294037
1.87495e+014	0.579191	0.69148
1.8762e+014	0.58264	1.08895
1.87745e+014	0.586061	1.48645
1.8787e+014	0.589455	1.88397
1.87995e+014	0.592822	2.28152
1.8812e+014	0.596162	2.67909
1.88245e+014	0.599476	3.07669
1.8837e+014	0.602763	3.47431
1.88495e+014	0.606023	3.87195
1.88619e+014	0.609257	4.26961
1.88744e+014	0.612464	4.6673
1.88869e+014	0.615645	5.065
1.88994e+014	0.618801	5.46273
1.89119e+014	0.621932	5.86047
1.89244e+014	0.625038	6.25824
1.89369e+014	0.62812	6.65603
1.89494e+014	0.631176	7.05383
1.89619e+014	0.634208	7.45166
1.89744e+014	0.637214	7.8495
1.89869e+014	0.640197	8.24736
1.89993e+014	0.643155	8.64524
1.90118e+014	0.646089	9.04313
1.90243e+014	0.649	9.44105
1.90368e+014	0.651886	9.83898
1.90493e+014	0.654748	10.2369
1.90618e+014	0.657586	10.6349
1.90743e+014	0.6604	11.0329
1.90868e+014	0.663192	11.4308
1.90993e+014	0.665962	11.8289
1.91118e+014	0.668711	12.2269
1.91243e+014	0.671437	12.6249
1.91368e+014	0.67414	13.023
1.91492e+014	0.67682	13.421
1.91617e+014	0.679477	13.8191
1.91742e+014	0.682111	14.2172
1.91867e+014	0.684724	14.6153
1.91992e+014	0.687315	15.0134
1.92117e+014	0.689885	15.4115
1.92242e+014	0.692435	15.8097
1.92367e+014	0.694963	16.2078
1.92492e+014	0.697469	16.606
1.92617e+014	0.699954	17.0042
1.92742e+014	0.702417	17.4024
1.92866e+014	0.704861	17.8006
1.92991e+014	0.707284	18.1988
1.93116e+014	0.709689	18.597
1.93241e+014	0.712074	18.9953
1.93366e+014	0.714439	19.3935
1.93491e+014	0.716784	19.7918
1.93616e+014	0.719109	20.19
1.93741e+014	0.721413	20.5883
1.93866e+014	0.723697	20.9866
1.93991e+014	0.725963	21.3849
1.94116e+014	0.728209	21.7832
1.94241e+014	0.730436	22.1815
1.94365e+014	0.732644	22.5799
1.9449e+014	0.734833	22.9782
1.94615e+014	0.737003	23.3766
1.9474e+014	0.739155	23.7749
1.94865e+014	0.741289	24.1733
1.9499e+014	0.743406	24.5717
1.95115e+014	0.745505	24.9701
1.9524e+014	0.747587	25.3685
1.95365e+014	0.749652	25.7669
1.9549e+014	0.751699	26.1653
1.95615e+014	0.753729	26.5637
1.95739e+014	0.755741	26.9621
1.95864e+014	0.757735	27.3606
1.95989e+014	0.759711	27.759
1.96114e+014	0.76167	28.1575
1.96239e+014	0.763612	28.556
1.96364e+014	0.765537	28.9544
1.96489e+014	0.767445	29.3529
1.96614e+014	0.769338	29.7514
1.96739e+014	0.771215	30.1499
1.96864e+014	0.773076	30.5484
1.96989e+014	0.774921	30.9469
1.97114e+014	0.776751	31.3455
1.97238e+014	0.778566	31.744
1.97363e+014	0.780365	32.1425
1.97488e+014	0.782149	32.5411
1.97613e+014	0.783917	32.9397
1.97738e+014	0.785671	33.3382
1.97863e+014	0.787408	33.7368
1.97988e+014	0.789131	34.1354
1.98113e+014	0.790838	34.534
1.98238e+014	0.792529	34.9326
1.98363e+014	0.794206	35.3312
1.98488e+014	0.795867	35.7298
1.98613e+014	0.797514	36.1284
1.98737e+014	0.799147	36.527
1.98862e+014	0.800766	36.9257
1.98987e+014	0.802371	37.3243
1.99112e+014	0.803963	37.723
1.99237e+014	0.805542	38.1216
1.99362e+014	0.807107	38.5203
1.99487e+014	0.808659	38.919
1.99612e+014	0.810198	39.3176
1.99737e+014	0.811723	39.7163
1.99862e+014	0.813235	40.115
('port 2',TE,1,'port 3',1,'transmission')
(101,3)
1.8737e+014	0.811616	-1.24653
1.87495e+014	0.809152	-0.784519
1.8762e+014	0.806684	-0.322501
1.87745e+014	0.804211	0.139522
1.8787e+014	0.801734	0.60155
1.87995e+014	0.799255	1.06358
1.8812e+014	0.796772	1.52562
1.88245e+014	0.794287	1.98766
1.8837e+014	0.7918	2.4497
1.88495e+014	0.78931	2.91175
1.88619e+014	0.786818	3.37381
1.88744e+014	0.784324	3.83586
1.88869e+014	0.781829	4.29792
1.88994e+014	0.779333	4.75998
1.89119e+014	0.776839	5.22205
1.89244e+014	0.774344	5.68412
1.89369e+014	0.77185	6.1462
1.89494e+014	0.769356	6.60827
1.89619e+014	0.766862	7.07036
1.89744e+014	0.764368	7.53245
1.89869e+014	0.761875	7.99454
1.89993e+014	0.759382	8.45664
1.90118e+014	0.756891	8.91874
1.90243e+014	0.754399	9.38084
1.90368e+014	0.751907	9.84296
1.90493e+014	0.749415	10.3051
1.90618e+014	0.746921	10.7672
1.90743e+014	0.744428	11.2293
1.90868e+014	0.741936	11.6914
1.90993e+014	0.739445	12.1536
1.91118e+014	0.736956	12.6157
1.91243e+014	0.734469	13.0778
1.91368e+014	0.731982	13.54
1.91492e+014	0.729497	14.0021
1.91617e+014	0.727014	14.4643
1.91742e+014	0.724533	14.9264
1.91867e+014	0.722056	15.3885
1.91992e+014	0.719584	15.8507
1.92117e+014	0.717118	16.3128
1.92242e+014	0.714656	16.775
1.92367e+014	0.712198	17.2371
1.92492e+014	0.709744	17.6993
1.92617e+014	0.707294	18.1615
1.92742e+014	0.704848	18.6236
1.92866e+014	0.702407	19.0858
1.92991e+014	0.69997	19.548
1.93116e+014	0.697539	20.0101
1.93241e+014	0.695113	20.4723
1.93366e+014	0.692691	20.9345
1.93491e+014	0.690273	21.3967
1.93616e+014	0.687858	21.8589
1.93741e+014	0.685448	22.3211
1.93866e+014	0.683042	22.7833
1.93991e+014	0.68064	23.2455
1.94116e+014	0.678242	23.7077
1.94241e+014	0.67585	24.1699
1.94365e+014	0.673461	24.6321
1.9449e+014	0.671077	25.0943
1.94615e+014	0.668696	25.5565
1.9474e+014	0.66632	26.0187
1.94865e+014	0.663947	26.481
1.9499e+014	0.661579	26.9432
1.95115e+014	0.659216	27.4054
1.9524e+014	0.656857	27.8676
1.95365e+014	0.654503	28.3299
1.9549e+014	0.652153	28.7921
1.95615e+014	0.649807	29.2543
1.95739e+014	0.647465	29.7166
1.95864e+014	0.645128	30.1788
1.95989e+014	0.642795	30.641
1.96114e+014	0.640467	31.1033
1.96239e+014	0.638144	31.5655
1.96364e+014	0.635826	32.0277
1.96489e+014	0.633513	32.49
1.96614e+014	0.631206	32.9522
1.96739e+014	0.628904	33.4145
1.96864e+014	0.626609	33.8767
1.96989e+014	0.62432	34.339
1.97114e+014	0.622037	34.8012
1.97238e+014	0.61976	35.2635
1.97363e+014	0.61749	35.7257
1.97488e+014	0.615227	36.188
1.97613e+014	0.61297	36.6502
1.97738e+014	0.610721	37.1125
1.97863e+014	0.608478	37.5748
1.97988e+014	0.606241	38.037
1.98113e+014	0.604011	38.4993
1.98238e+014	0.601786	38.9616
1.98363e+014	0.599566	39.4239
1.98488e+014	0.597351	39.8862
1.98613e+014	0.595141	40.3485
1.98737e+014	0.592936	40.8108
1.98862e+014	0.590736	41.2731
1.98987e+014	0.588541	41.7354
1.99112e+014	0.58635	42.1977
1.99237e+014	0.584164	42.6601
1.99362e+014	0.581983	43.1224
1.99487e+014	0.579807	43.5847
1.99612e+014	0.577637	44.047
1.99737e+014	0.575472	44.5094
1.99862e+014	0.573313	44.9717
('port 3',TE,1,'port 3',1,'transmission')
(101,3)
1.8737e+014	0.00138069	0.690456
1.87495e+014	0.00176813	1.42176
1.8762e+014	0.0021919	2.01148
1.87745e+014	0.00251463	2.53335
1.8787e+014	0.00266315	3.03017
1.87995e+014	0.00261083	3.52725
1.8812e+014	0.00237303	4.04631
1.88245e+014	0.00200682	4.61581
1.8837e+014	0.00161347	5.27905
1.88495e+014	0.00133547	6.07351
1.88619e+014	0.00128418	6.92521
1.88744e+014	0.00140087	7.66999
1.88869e+014	0.00153275	8.2684
1.88994e+014	0.00158716	8.75909
1.89119e+014	0.00154714	9.1717
1.89244e+014	0.00144488	9.52143
1.89369e+014	0.00133448	9.82657
1.89494e+014	0.00125962	10.128
1.89619e+014	0.00122886	10.4871
1.89744e+014	0.00123027	10.9557
1.89869e+014	0.00127541	11.5526
1.89993e+014	0.00141523	12.2455
1.90118e+014	0.00169221	12.9587
1.90243e+014	0.00208667	13.6375
1.90368e+014	0.0025314	14.2773
1.90493e+014	0.00295301	14.8962
1.90618e+014	0.00329716	15.5131
1.90743e+014	0.00354084	16.1435
1.90868e+014	0.00369711	16.7982
1.90993e+014	0.00380996	17.4814
1.91118e+014	0.00393539	18.1886
1.91243e+014	0.00411195	18.907
1.91368e+014	0.00433866	19.6221
1.91492e+014	0.00457876	20.3262
1.91617e+014	0.00478427	21.0205
1.91742e+014	0.00492108	21.7114
1.91867e+014	0.00498183	22.4064
1.91992e+014	0.00498473	23.1112
1.92117e+014	0.00496103	23.8274
1.92242e+014	0.00493703	24.5523
1.92367e+014	0.00492028	25.2808
1.92492e+014	0.00489885	26.0094
1.92617e+014	0.00485369	26.7379
1.92742e+014	0.00477427	27.4693
1.92866e+014	0.00466692	28.2077
1.92991e+014	0.0045511	28.955
1.93116e+014	0.00444584	29.7097
1.93241e+014	0.00435547	30.4675
1.93366e+014	0.00426629	31.2254
1.93491e+014	0.00415815	31.9846
1.93616e+014	0.0040235	32.7512
1.93741e+014	0.00388092	33.5329
1.93866e+014	0.00377265	34.3328
1.93991e+014	0.00374139	35.1438
1.94116e+014	0.00379768	35.9503
1.94241e+014	0.0039067	36.7391
1.94365e+014	0.00401006	37.5089
1.9449e+014	0.00406252	38.2692
1.94615e+014	0.00405849	39.034
1.9474e+014	0.00403824	39.8143
1.94865e+014	0.00406901	40.61
1.9499e+014	0.00420193	41.4067
1.95115e+014	0.00443091	42.1849
1.9524e+014	0.00469269	42.9347
1.95365e+014	0.00490593	43.6598
1.9549e+014	0.00501291	44.3729
1.95615e+014	0.00500364	45.089
1.95739e+014	0.00492091	45.8209
1.95864e+014	0.00484468	46.5732
1.95989e+014	0.00485197	47.3373
1.96114e+014	0.00496686	48.0945
1.96239e+014	0.00514114	48.8285
1.96364e+014	0.00528524	49.536
1.96489e+014	0.00531802	50.225
1.96614e+014	0.00520185	50.9099
1.96739e+014	0.00495655	51.6067
1.96864e+014	0.00465544	52.3286
1.96989e+014	0.00440019	53.079
1.97114e+014	0.00426939	53.8438
1.97238e+014	0.004264	54.5962
1.97363e+014	0.00430417	55.3167
1.97488e+014	0.00428363	56.004
1.97613e+014	0.00412583	56.671
1.97738e+014	0.00381071	57.3376
1.97863e+014	0.00337959	58.028
1.97988e+014	0.00292823	58.7673
1.98113e+014	0.00258087	59.5667
1.98238e+014	0.00242114	60.3945
1.98363e+014	0.00241182	61.1872
1.98488e+014	0.00242259	61.9125
1.98613e+014	0.0023338	62.5831
1.98737e+014	0.00208909	63.2305
1.98862e+014	0.00169888	63.8986
1.98987e+014	0.00123979	64.6661
1.99112e+014	0.000885309	65.6853
1.99237e+014	0.000879683	66.8953
1.99362e+014	0.0011283	67.8484
1.99487e+014	0.0013506	68.5822
1.99612e+014	0.00142266	69.2429
1.99737e+014	0.00132525	69.9172
1.99862e+014	0.00111771	70.6936
('port 4',TE,1,'port 3',1,'transmission')
(101,3)
1.8737e+014	0.00144499	0.0835338
1.87495e+014	0.00124041	0.793721
1.8762e+014	0.00102439	1.51646
1.87745e+014	0.000808155	2.25742
1.8787e+014	0.000600561	3.02227
1.87995e+014	0.000405873	3.81894
1.8812e+014	0.000222999	4.67761
1.88245e+014	5.55115e-005	6.07504
1.8837e+014	0.000151838	8.9427
1.88495e+014	0.000347602	9.86394
1.88619e+014	0.000563057	10.6674
1.88744e+014	0.000796846	11.4358
1.88869e+014	0.00104553	12.1849
1.88994e+014	0.00130355	12.9219
1.89119e+014	0.00156418	13.6511
1.89244e+014	0.00182031	14.3759
1.89369e+014	0.00206521	15.0988
1.89494e+014	0.00229317	15.8223
1.89619e+014	0.00250031	16.5483
1.89744e+014	0.00268533	17.2787
1.89869e+014	0.00284997	18.0148
1.89993e+014	0.00299892	18.7571
1.90118e+014	0.00313887	19.5053
1.90243e+014	0.00327669	20.258
1.90368e+014	0.00341725	21.0129
1.90493e+014	0.0035615	21.7675
1.90618e+014	0.00370583	22.5198
1.90743e+014	0.0038428	23.2687
1.90868e+014	0.00396307	24.0142
1.90993e+014	0.00405781	24.7575
1.91118e+014	0.0041208	25.5003
1.91243e+014	0.00414982	26.2448
1.91368e+014	0.00414711	26.993
1.91492e+014	0.00411885	27.7465
1.91617e+014	0.00407376	28.5061
1.91742e+014	0.00402113	29.2717
1.91867e+014	0.00396853	30.0424
1.91992e+014	0.00391996	30.8161
1.92117e+014	0.00387495	31.5911
1.92242e+014	0.00382884	32.3656
1.92367e+014	0.00377432	33.1389
1.92492e+014	0.00370357	33.9114
1.92617e+014	0.00361058	34.6847
1.92742e+014	0.00349298	35.4614
1.92866e+014	0.00335331	36.2448
1.92991e+014	0.00319937	37.0381
1.93116e+014	0.00304351	37.8445
1.93241e+014	0.00290063	38.6652
1.93366e+014	0.00278472	39.4991
1.93491e+014	0.00270486	40.3421
1.93616e+014	0.00266216	41.1884
1.93741e+014	0.0026498	42.0327
1.93866e+014	0.00265637	42.8723
1.93991e+014	0.00267088	43.7076
1.94116e+014	0.00268702	44.541
1.94241e+014	0.00270531	45.3759
1.94365e+014	0.00273281	46.2144
1.9449e+014	0.0027805	47.0563
1.94615e+014	0.00285892	47.8986
1.9474e+014	0.00297363	48.7362
1.94865e+014	0.00312252	49.5644
1.9499e+014	0.00329612	50.38
1.95115e+014	0.00348044	51.1824
1.9524e+014	0.00366061	51.9731
1.95365e+014	0.00382404	52.7551
1.9549e+014	0.00396259	53.5316
1.95615e+014	0.00407357	54.3058
1.95739e+014	0.00415975	55.0805
1.95864e+014	0.00422835	55.857
1.95989e+014	0.00428881	56.6358
1.96114e+014	0.00435001	57.416
1.96239e+014	0.00441722	58.1955
1.96364e+014	0.00449009	58.9722
1.96489e+014	0.00456247	59.7442
1.96614e+014	0.004624	60.5106
1.96739e+014	0.00466306	61.2717
1.96864e+014	0.0046698	62.0289
1.96989e+014	0.00463856	62.7844
1.97114e+014	0.00456897	63.5403
1.97238e+014	0.00446584	64.2988
1.97363e+014	0.00433774	65.0614
1.97488e+014	0.00419477	65.829
1.97613e+014	0.00404606	66.6011
1.97738e+014	0.00389768	67.3766
1.97863e+014	0.00375156	68.1539
1.97988e+014	0.00360569	68.9314
1.98113e+014	0.00345521	69.7079
1.98238e+014	0.00329399	70.4827
1.98363e+014	0.003116	71.2564
1.98488e+014	0.00291645	72.0304
1.98613e+014	0.00269274	72.8072
1.98737e+014	0.00244556	73.5913
1.98862e+014	0.00218029	74.3894
1.98987e+014	0.0019086	75.2112
1.99112e+014	0.00164981	76.0694
1.99237e+014	0.00143053	76.9764
1.99362e+014	0.00127887	77.9332
1.99487e+014	0.00120981	78.9176
1.99612e+014	0.00121158	79.8933
1.99737e+014	0.00125355	80.8402
1.99862e+014	0.00130938	81.7629
('port 1',TE,1,'port 4',1,'transmission')
(101,3)
1.8737e+014	0.811878	1.77376
1.87495e+014	0.80941	2.2357
1.8762e+014	0.806938	2.69765
1.87745e+014	0.804464	3.1596
1.8787e+014	0.801987	3.62155
1.87995e+014	0.799506	4.08351
1.8812e+014	0.797023	4.54547
1.88245e+014	0.794536	5.00744
1.8837e+014	0.792048	5.46941
1.88495e+014	0.78956	5.93137
1.88619e+014	0.787071	6.39335
1.88744e+014	0.784582	6.85533
1.88869e+014	0.782091	7.31731
1.88994e+014	0.779599	7.7793
1.89119e+014	0.777104	8.24129
1.89244e+014	0.774609	8.70329
1.89369e+014	0.772113	9.16528
1.89494e+014	0.769617	9.62728
1.89619e+014	0.767122	10.0893
1.89744e+014	0.764626	10.5513
1.89869e+014	0.762131	11.0133
1.89993e+014	0.759638	11.4753
1.90118e+014	0.757146	11.9373
1.90243e+014	0.754656	12.3994
1.90368e+014	0.752168	12.8614
1.90493e+014	0.749678	13.3234
1.90618e+014	0.747187	13.7855
1.90743e+014	0.744694	14.2475
1.90868e+014	0.742201	14.7096
1.90993e+014	0.739709	15.1716
1.91118e+014	0.737218	15.6337
1.91243e+014	0.734727	16.0957
1.91368e+014	0.732238	16.5578
1.91492e+014	0.72975	17.0198
1.91617e+014	0.727266	17.4819
1.91742e+014	0.724786	17.9439
1.91867e+014	0.722313	18.406
1.91992e+014	0.719845	18.8681
1.92117e+014	0.717381	19.3301
1.92242e+014	0.714919	19.7922
1.92367e+014	0.71246	20.2543
1.92492e+014	0.710003	20.7163
1.92617e+014	0.70755	21.1784
1.92742e+014	0.705103	21.6405
1.92866e+014	0.70266	22.1026
1.92991e+014	0.700221	22.5647
1.93116e+014	0.697786	23.0268
1.93241e+014	0.695355	23.4889
1.93366e+014	0.692928	23.9509
1.93491e+014	0.690507	24.413
1.93616e+014	0.688091	24.8752
1.93741e+014	0.685679	25.3373
1.93866e+014	0.68327	25.7994
1.93991e+014	0.680864	26.2615
1.94116e+014	0.67846	26.7236
1.94241e+014	0.676059	27.1858
1.94365e+014	0.673664	27.6479
1.9449e+014	0.671274	28.11
1.94615e+014	0.66889	28.5722
1.9474e+014	0.666511	29.0343
1.94865e+014	0.664137	29.4964
1.9499e+014	0.661767	29.9586
1.95115e+014	0.659403	30.4207
1.9524e+014	0.657043	30.8829
1.95365e+014	0.654688	31.345
1.9549e+014	0.652336	31.8072
1.95615e+014	0.649987	32.2694
1.95739e+014	0.64764	32.7315
1.95864e+014	0.645298	33.1937
1.95989e+014	0.642961	33.6558
1.96114e+014	0.640629	34.118
1.96239e+014	0.638304	34.5802
1.96364e+014	0.635986	35.0423
1.96489e+014	0.633675	35.5045
1.96614e+014	0.631371	35.9666
1.96739e+014	0.629074	36.4288
1.96864e+014	0.626783	36.891
1.96989e+014	0.624497	37.3532
1.97114e+014	0.622217	37.8153
1.97238e+014	0.619942	38.2775
1.97363e+014	0.617672	38.7397
1.97488e+014	0.615408	39.2019
1.97613e+014	0.613151	39.6641
1.97738e+014	0.610901	40.1262
1.97863e+014	0.608659	40.5884
1.97988e+014	0.606424	41.0506
1.98113e+014	0.604197	41.5128
1.98238e+014	0.601975	41.975
1.98363e+014	0.59976	42.4372
1.98488e+014	0.597549	42.8994
1.98613e+014	0.595341	43.3616
1.98737e+014	0.593136	43.8239
1.98862e+014	0.590933	44.2861
1.98987e+014	0.588734	44.7483
1.99112e+014	0.586538	45.2106
1.99237e+014	0.584348	45.6728
1.99362e+014	0.582165	46.135
1.99487e+014	0.579988	46.5973
1.99612e+014	0.577819	47.0595
1.99737e+014	0.575657	47.5218
1.99862e+014	0.573503	47.984
('port 2',TE,1,'port 4',1,'transmission')
(101,3)
1.8737e+014	0.575237	-2.90785
1.87495e+014	0.578734	-2.38136
1.8762e+014	0.582202	-1.85489
1.87745e+014	0.585641	-1.32844
1.8787e+014	0.589051	-0.801996
1.87995e+014	0.592431	-0.275572
1.8812e+014	0.595782	0.250839
1.88245e+014	0.599104	0.777234
1.8837e+014	0.602397	1.30361
1.88495e+014	0.605663	1.82998
1.88619e+014	0.608903	2.35633
1.88744e+014	0.612117	2.88267
1.88869e+014	0.615305	3.40899
1.88994e+014	0.618467	3.93531
1.89119e+014	0.621605	4.46161
1.89244e+014	0.624718	4.98789
1.89369e+014	0.627808	5.51416
1.89494e+014	0.630875	6.04042
1.89619e+014	0.633918	6.56667
1.89744e+014	0.636938	7.09291
1.89869e+014	0.639932	7.61913
1.89993e+014	0.642903	8.14534
1.90118e+014	0.645849	8.67155
1.90243e+014	0.64877	9.19774
1.90368e+014	0.651666	9.72392
1.90493e+014	0.654534	10.2501
1.90618e+014	0.657375	10.7763
1.90743e+014	0.660187	11.3024
1.90868e+014	0.662971	11.8285
1.90993e+014	0.665729	12.3547
1.91118e+014	0.668461	12.8808
1.91243e+014	0.671164	13.4069
1.91368e+014	0.67384	13.933
1.91492e+014	0.676489	14.4591
1.91617e+014	0.679113	14.9851
1.91742e+014	0.681713	15.5112
1.91867e+014	0.684292	16.0373
1.91992e+014	0.686849	16.5633
1.92117e+014	0.689386	17.0894
1.92242e+014	0.691901	17.6154
1.92367e+014	0.694395	18.1414
1.92492e+014	0.696869	18.6675
1.92617e+014	0.699324	19.1935
1.92742e+014	0.701761	19.7195
1.92866e+014	0.70418	20.2456
1.92991e+014	0.706579	20.7716
1.93116e+014	0.708957	21.2976
1.93241e+014	0.711315	21.8237
1.93366e+014	0.713652	22.3497
1.93491e+014	0.71597	22.8757
1.93616e+014	0.71827	23.4017
1.93741e+014	0.720551	23.9278
1.93866e+014	0.722812	24.4538
1.93991e+014	0.725053	24.9798
1.94116e+014	0.727275	25.5058
1.94241e+014	0.729478	26.0319
1.94365e+014	0.731664	26.5579
1.9449e+014	0.733834	27.0839
1.94615e+014	0.735986	27.6099
1.9474e+014	0.73812	28.1359
1.94865e+014	0.740236	28.662
1.9499e+014	0.742335	29.188
1.95115e+014	0.744417	29.714
1.9524e+014	0.746484	30.24
1.95365e+014	0.748535	30.766
1.9549e+014	0.75057	31.292
1.95615e+014	0.752589	31.818
1.95739e+014	0.754591	32.344
1.95864e+014	0.756579	32.87
1.95989e+014	0.758551	33.396
1.96114e+014	0.760509	33.922
1.96239e+014	0.762452	34.4479
1.96364e+014	0.764381	34.9739
1.96489e+014	0.766295	35.4998
1.96614e+014	0.768196	36.0258
1.96739e+014	0.770083	36.5517
1.96864e+014	0.771956	37.0776
1.96989e+014	0.773816	37.6035
1.97114e+014	0.775662	38.1294
1.97238e+014	0.777495	38.6553
1.97363e+014	0.779314	39.1812
1.97488e+014	0.78112	39.7071
1.97613e+014	0.782912	40.233
1.97738e+014	0.784691	40.7589
1.97863e+014	0.786455	41.2848
1.97988e+014	0.788206	41.8107
1.98113e+014	0.789941	42.3366
1.98238e+014	0.791661	42.8625
1.98363e+014	0.793365	43.3884
1.98488e+014	0.795053	43.9143
1.98613e+014	0.796724	44.4402
1.98737e+014	0.798379	44.9661
1.98862e+014	0.800015	45.492
1.98987e+014	0.801635	46.0179
1.99112e+014	0.803239	46.5438
1.99237e+014	0.804827	47.0697
1.99362e+014	0.806399	47.5956
1.99487e+014	0.807956	48.1215
1.99612e+014	0.809498	48.6474
1.99737e+014	0.811025	49.1732
1.99862e+014	0.812536	49.6991
('port 3',TE,1,'port 4',1,'transmission')
(101,3)
1.8737e+014	0.00128362	-0.273554
1.87495e+014	0.00099035	0.414155
1.8762e+014	0.000694929	1.0271
1.87745e+014	0.00043946	1.429
1.8787e+014	0.000346057	1.39864
1.87995e+014	0.000495214	1.52586
1.8812e+014	0.00073185	2.04999
1.88245e+014	0.000976131	2.72951
1.8837e+014	0.00121038	3.47093
1.88495e+014	0.00143123	4.23982
1.88619e+014	0.00163673	5.01914
1.88744e+014	0.00182125	5.79878
1.88869e+014	0.00197404	6.57285
1.88994e+014	0.00208093	7.33867
1.89119e+014	0.0021278	8.09581
1.89244e+014	0.00210448	8.84501
1.89369e+014	0.00200761	9.58716
1.89494e+014	0.00184185	10.322
1.89619e+014	0.00161924	11.0466
1.89744e+014	0.0013576	11.7512
1.89869e+014	0.00107984	12.4124
1.89993e+014	0.000819544	12.9751
1.90118e+014	0.000643994	13.3433
1.90243e+014	0.000663941	13.5622
1.90368e+014	0.000895803	13.9374
1.90493e+014	0.00125053	14.5099
1.90618e+014	0.0016701	15.1841
1.90743e+014	0.00212606	15.9054
1.90868e+014	0.0025982	16.6499
1.90993e+014	0.00306794	17.4073
1.91118e+014	0.00351782	18.1732
1.91243e+014	0.00393281	18.9462
1.91368e+014	0.00430197	19.7259
1.91492e+014	0.00461975	20.5127
1.91617e+014	0.00488646	21.3069
1.91742e+014	0.00510749	22.1082
1.91867e+014	0.00529122	22.9157
1.91992e+014	0.00544582	23.728
1.92117e+014	0.00557599	24.5431
1.92242e+014	0.00568097	25.3588
1.92367e+014	0.00575463	26.1738
1.92492e+014	0.00578783	26.9878
1.92617e+014	0.00577212	27.8013
1.92742e+014	0.00570339	28.6161
1.92866e+014	0.00558434	29.4342
1.92991e+014	0.00542517	30.258
1.93116e+014	0.00524219	31.0891
1.93241e+014	0.0050548	31.9284
1.93366e+014	0.0048812	32.7749
1.93491e+014	0.00473426	33.6264
1.93616e+014	0.00461885	34.4796
1.93741e+014	0.0045318	35.3312
1.93866e+014	0.0044646	36.1793
1.93991e+014	0.00440773	37.0231
1.94116e+014	0.0043548	37.8637
1.94241e+014	0.00430536	38.7029
1.94365e+014	0.00426563	39.5423
1.9449e+014	0.00424693	40.3826
1.94615e+014	0.00426195	41.2226
1.9474e+014	0.00432	42.0595
1.94865e+014	0.0044229	42.8896
1.9499e+014	0.00456362	43.7097
1.95115e+014	0.00472823	44.5187
1.9524e+014	0.00490003	45.3172
1.95365e+014	0.00506395	46.1077
1.9549e+014	0.00520995	46.8934
1.95615e+014	0.00533465	47.6776
1.95739e+014	0.00544107	48.4628
1.95864e+014	0.00553675	49.2507
1.95989e+014	0.00563047	50.0414
1.96114e+014	0.00572859	50.834
1.96239e+014	0.00583215	51.6269
1.96364e+014	0.00593571	52.4186
1.96489e+014	0.00602848	53.2079
1.96614e+014	0.00609692	53.9945
1.96739e+014	0.00612788	54.7791
1.96864e+014	0.0061112	55.5628
1.96989e+014	0.00604136	56.3469
1.97114e+014	0.00591794	57.133
1.97238e+014	0.00574533	57.9224
1.97363e+014	0.00553164	58.7163
1.97488e+014	0.00528722	59.5151
1.97613e+014	0.00502277	60.3188
1.97738e+014	0.00474724	61.1268
1.97863e+014	0.00446592	61.9374
1.97988e+014	0.00417929	62.7489
1.98113e+014	0.00388337	63.5597
1.98238e+014	0.00357166	64.3689
1.98363e+014	0.00323831	65.1775
1.98488e+014	0.00288163	65.9884
1.98613e+014	0.00250696	66.8079
1.98737e+014	0.00212839	67.6456
1.98862e+014	0.00176922	68.5157
1.98987e+014	0.00146061	69.4342
1.99112e+014	0.0012356	70.4089
1.99237e+014	0.00111324	71.4187
1.99362e+014	0.00107974	72.4138
1.99487e+014	0.00109511	73.3583
1.99612e+014	0.00112233	74.2509
1.99737e+014	0.00114395	75.1077
1.99862e+014	0.001161	75.9445
('port 4',TE,1,'port 4',1,'transmission')
(101,3)
1.8737e+014	0.000547468	-1.26147
1.87495e+014	0.000549368	-1.06552
1.8762e+014	0.000511382	-0.816093
1.87745e+014	0.000425599	-0.529404
1.8787e+014	0.000296891	-0.214948
1.87995e+014	0.000140455	0.142006
1.8812e+014	2.64542e-005	3.03474
1.88245e+014	0.000171922	3.74068
1.8837e+014	0.000286174	4.04977
1.88495e+014	0.000358047	4.30339
1.88619e+014	0.000391103	4.49738
1.88744e+014	0.00040213	4.62132
1.88869e+014	0.000414623	4.68826
1.88994e+014	0.000442831	4.74613
1.89119e+014	0.000480569	4.83857
1.89244e+014	0.000510674	4.96938
1.89369e+014	0.000521356	5.11629
1.89494e+014	0.000513984	5.25474
1.89619e+014	0.000500977	5.37566
1.89744e+014	0.000494388	5.4997
1.89869e+014	0.000491668	5.6693
1.89993e+014	0.000474557	5.92022
1.90118e+014	0.000423659	6.27828
1.90243e+014	0.000336544	6.79971
1.90368e+014	0.000253809	7.64443
1.90493e+014	0.000279243	8.75893
1.90618e+014	0.000410061	9.56293
1.90743e+014	0.000542419	10.1075
1.90868e+014	0.000614002	10.5287
1.90993e+014	0.000596654	10.847
1.91118e+014	0.000502873	10.9921
1.91243e+014	0.000437143	10.8008
1.91368e+014	0.000584187	10.5264
1.91492e+014	0.000900567	10.5825
1.91617e+014	0.00124268	10.8247
1.91742e+014	0.00151816	11.1359
1.91867e+014	0.00166624	11.4676
1.91992e+014	0.00165422	11.7909
1.92117e+014	0.00148487	12.0735
1.92242e+014	0.00121098	12.2568
1.92367e+014	0.000967637	12.2408
1.92492e+014	0.000965127	12.0583
1.92617e+014	0.00121724	12.0293
1.92742e+014	0.00151559	12.206
1.92866e+014	0.00170941	12.4866
1.92991e+014	0.00172988	12.8078
1.93116e+014	0.001563	13.1301
1.93241e+014	0.00124186	13.4068
1.93366e+014	0.000856905	13.5309
1.93491e+014	0.000618957	13.2797
1.93616e+014	0.000758003	12.978
1.93741e+014	0.00104393	13.0816
1.93866e+014	0.00124707	13.3801
1.93991e+014	0.00129148	13.7522
1.94116e+014	0.00116539	14.1511
1.94241e+014	0.000894715	14.5412
1.94365e+014	0.000535732	14.8351
1.9449e+014	0.00023393	14.4582
1.94615e+014	0.000417034	13.7049
1.9474e+014	0.000739128	13.9706
1.94865e+014	0.000993559	14.4306
1.9499e+014	0.00114974	14.9496
1.95115e+014	0.00120086	15.4928
1.9524e+014	0.00114632	16.0405
1.95365e+014	0.000985787	16.5722
1.9549e+014	0.000721416	17.0496
1.95615e+014	0.000377137	17.3028
1.95739e+014	0.00025599	16.2406
1.95864e+014	0.000687345	16.1102
1.95989e+014	0.00117194	16.4818
1.96114e+014	0.00159066	16.9184
1.96239e+014	0.00187278	17.3627
1.96364e+014	0.00196614	17.7957
1.96489e+014	0.00184646	18.2009
1.96614e+014	0.00152919	18.5464
1.96739e+014	0.00109195	18.7425
1.96864e+014	0.000766136	18.5486
1.96989e+014	0.000937889	18.1798
1.97114e+014	0.0013993	18.245
1.97238e+014	0.00181259	18.5245
1.97363e+014	0.00204607	18.8746
1.97488e+014	0.00205181	19.2453
1.97613e+014	0.00183323	19.6085
1.97738e+014	0.00143819	19.93
1.97863e+014	0.000961629	20.1258
1.97988e+014	0.000596115	19.9438
1.98113e+014	0.000646889	19.49
1.98238e+014	0.000913192	19.5106
1.98363e+014	0.00109458	19.7785
1.98488e+014	0.00111112	20.1275
1.98613e+014	0.000962907	20.5025
1.98737e+014	0.000689041	20.8695
1.98862e+014	0.00035353	21.1435
1.98987e+014	0.000104505	20.2493
1.99112e+014	0.000305065	19.5083
1.99237e+014	0.000473272	19.8091
1.99362e+014	0.000519981	20.2068
1.99487e+014	0.00044707	20.6281
1.99612e+014	0.000282563	21.0417
1.99737e+014	7.38742e-005	21.2091
1.99862e+014	0.000146973	19.1635
