('port 1',TE,1,'port 1',1,'transmission')
(101,3)
1.8737e+014	0.000568697	-1.43692
1.87495e+014	0.000331758	-0.264107
1.8762e+014	0.000528042	1.04699
1.87745e+014	0.000893013	1.66405
1.8787e+014	0.00123131	2.09397
1.87995e+014	0.00149182	2.46885
1.8812e+014	0.00165208	2.82351
1.88245e+014	0.00170421	3.17204
1.8837e+014	0.00165222	3.52342
1.88495e+014	0.00151048	3.88698
1.88619e+014	0.00130253	4.27663
1.88744e+014	0.00106116	4.71717
1.88869e+014	0.000831963	5.25276
1.88994e+014	0.000679961	5.93117
1.89119e+014	0.000666846	6.68661
1.89244e+014	0.000774896	7.33665
1.89369e+014	0.000930302	7.83958
1.89494e+014	0.00108199	8.24859
1.89619e+014	0.00120695	8.60789
1.89744e+014	0.00129609	8.94394
1.89869e+014	0.00134653	9.27378
1.89993e+014	0.00135842	9.61034
1.90118e+014	0.00133447	9.96508
1.90243e+014	0.00128096	10.3496
1.90368e+014	0.00120974	10.7757
1.90493e+014	0.00113982	11.2537
1.90618e+014	0.00109627	11.7847
1.90743e+014	0.00110204	12.3509
1.90868e+014	0.00116459	12.919
1.90993e+014	0.00127023	13.462
1.91118e+014	0.00139319	13.9729
1.91243e+014	0.00150778	14.4588
1.91368e+014	0.00159502	14.931
1.91492e+014	0.00164453	15.4004
1.91617e+014	0.00165472	15.8763
1.91742e+014	0.00163188	16.3662
1.91867e+014	0.00158832	16.8751
1.91992e+014	0.00153903	17.404
1.92117e+014	0.00149698	17.9493
1.92242e+014	0.00146833	18.503
1.92367e+014	0.00145032	19.0564
1.92492e+014	0.00143344	19.6042
1.92617e+014	0.00140664	20.1463
1.92742e+014	0.00136243	20.6875
1.92866e+014	0.00129992	21.2351
1.92991e+014	0.00122538	21.7968
1.93116e+014	0.00115014	22.3777
1.93241e+014	0.00108596	22.9761
1.93366e+014	0.00103876	23.5827
1.93491e+014	0.00100425	24.1849
1.93616e+014	0.000969436	24.7749
1.93741e+014	0.000919254	25.3553
1.93866e+014	0.000843987	25.9407
1.93991e+014	0.000745385	26.5583
1.94116e+014	0.000642673	27.2494
1.94241e+014	0.000577541	28.0481
1.94365e+014	0.000597096	28.8994
1.9449e+014	0.000701885	29.6714
1.94615e+014	0.000845489	30.3256
1.9474e+014	0.000981972	30.9004
1.94865e+014	0.00108182	31.4362
1.9499e+014	0.00113059	31.9626
1.95115e+014	0.00112832	32.5037
1.9524e+014	0.00109105	33.0816
1.95365e+014	0.00105228	33.7129
1.9549e+014	0.00105646	34.3908
1.95615e+014	0.00113523	35.0719
1.95739e+014	0.00128272	35.707
1.95864e+014	0.00146266	36.281
1.95989e+014	0.00163288	36.8056
1.96114e+014	0.00175924	37.2989
1.96239e+014	0.0018196	37.7776
1.96364e+014	0.00180491	38.2568
1.96489e+014	0.00172032	38.7514
1.96614e+014	0.00158662	39.2789
1.96739e+014	0.00144149	39.8571
1.96864e+014	0.00133607	40.4933
1.96989e+014	0.00131579	41.1627
1.97114e+014	0.00138736	41.811
1.97238e+014	0.00151175	42.4007
1.97363e+014	0.00163437	42.9308
1.97488e+014	0.00171057	43.4173
1.97613e+014	0.00171259	43.8779
1.97738e+014	0.00162894	44.328
1.97863e+014	0.00146297	44.7839
1.97988e+014	0.00123232	45.2672
1.98113e+014	0.000970829	45.8161
1.98238e+014	0.000736667	46.4988
1.98363e+014	0.000619522	47.3615
1.98488e+014	0.00066811	48.2246
1.98613e+014	0.000799281	48.9022
1.98737e+014	0.000913885	49.4368
1.98862e+014	0.000960839	49.8966
1.98987e+014	0.000919849	50.3195
1.99112e+014	0.000788555	50.7274
1.99237e+014	0.000577449	51.1426
1.99362e+014	0.000308452	51.6331
1.99487e+014	7.93165e-005	53.4456
1.99612e+014	0.000334245	55.007
1.99737e+014	0.000618867	55.4811
1.99862e+014	0.000853244	55.885
('port 2',TE,1,'port 1',1,'transmission')
(101,3)
1.8737e+014	0.000814053	2.14714
1.87495e+014	0.000865907	2.57595
1.8762e+014	0.000918863	3.02038
1.87745e+014	0.000971201	3.47993
1.8787e+014	0.0010219	3.95371
1.87995e+014	0.00107059	4.44061
1.8812e+014	0.00111746	4.93935
1.88245e+014	0.00116302	5.44854
1.8837e+014	0.00120797	5.96672
1.88495e+014	0.00125299	6.4924
1.88619e+014	0.00129869	7.02419
1.88744e+014	0.00134551	7.56075
1.88869e+014	0.00139378	8.10091
1.88994e+014	0.00144369	8.64362
1.89119e+014	0.00149534	9.1879
1.89244e+014	0.00154865	9.73286
1.89369e+014	0.00160333	10.2777
1.89494e+014	0.00165877	10.8216
1.89619e+014	0.00171404	11.3639
1.89744e+014	0.0017678	11.9043
1.89869e+014	0.00181846	12.4425
1.89993e+014	0.00186422	12.9786
1.90118e+014	0.00190331	13.5128
1.90243e+014	0.00193414	14.0456
1.90368e+014	0.00195551	14.5776
1.90493e+014	0.00196667	15.1096
1.90618e+014	0.00196749	15.6423
1.90743e+014	0.00195839	16.1765
1.90868e+014	0.00194031	16.7128
1.90993e+014	0.00191464	17.2516
1.91118e+014	0.00188302	17.7934
1.91243e+014	0.00184718	18.3382
1.91368e+014	0.00180882	18.8859
1.91492e+014	0.00176941	19.4362
1.91617e+014	0.00173011	19.9885
1.91742e+014	0.0016917	20.5421
1.91867e+014	0.00165454	21.0961
1.91992e+014	0.00161858	21.6497
1.92117e+014	0.0015834	22.202
1.92242e+014	0.0015483	22.7521
1.92367e+014	0.0015123	23.2992
1.92492e+014	0.00147431	23.8428
1.92617e+014	0.00143315	24.3823
1.92742e+014	0.00138772	24.9174
1.92866e+014	0.00133704	25.4479
1.92991e+014	0.00128041	25.9738
1.93116e+014	0.00121746	26.4951
1.93241e+014	0.00114821	27.0118
1.93366e+014	0.00107309	27.524
1.93491e+014	0.000992946	28.0317
1.93616e+014	0.00090899	28.5345
1.93741e+014	0.000822732	29.0318
1.93866e+014	0.000735912	29.5222
1.93991e+014	0.000650437	30.0036
1.94116e+014	0.00056835	30.4727
1.94241e+014	0.000491871	30.9242
1.94365e+014	0.000423525	31.3513
1.9449e+014	0.000366336	31.7457
1.94615e+014	0.000323908	32.1019
1.9474e+014	0.000299884	32.4255
1.94865e+014	0.000296366	32.739
1.9499e+014	0.000312373	33.0733
1.95115e+014	0.000344399	33.4481
1.9524e+014	0.000388505	33.8657
1.95365e+014	0.000441703	34.3187
1.9549e+014	0.00050211	34.7975
1.95615e+014	0.000568567	35.2937
1.95739e+014	0.000640205	35.8009
1.95864e+014	0.000716131	36.3145
1.95989e+014	0.000795233	36.8313
1.96114e+014	0.000876103	37.3494
1.96239e+014	0.000957053	37.8677
1.96364e+014	0.0010362	38.3857
1.96489e+014	0.00111162	38.9036
1.96614e+014	0.00118149	39.4217
1.96739e+014	0.00124429	39.9408
1.96864e+014	0.00129894	40.4616
1.96989e+014	0.00134493	40.985
1.97114e+014	0.00138235	41.5116
1.97238e+014	0.00141188	42.0422
1.97363e+014	0.00143468	42.577
1.97488e+014	0.00145223	43.1162
1.97613e+014	0.0014661	43.6594
1.97738e+014	0.00147771	44.2063
1.97863e+014	0.0014882	44.756
1.97988e+014	0.00149831	45.3078
1.98113e+014	0.00150839	45.861
1.98238e+014	0.00151855	46.4148
1.98363e+014	0.00152876	46.9688
1.98488e+014	0.00153903	47.5226
1.98613e+014	0.00154942	48.0757
1.98737e+014	0.00156003	48.6277
1.98862e+014	0.00157084	49.178
1.98987e+014	0.00158151	49.7257
1.99112e+014	0.00159125	50.2701
1.99237e+014	0.00159869	50.8104
1.99362e+014	0.00160199	51.3463
1.99487e+014	0.00159902	51.8778
1.99612e+014	0.00158765	52.4051
1.99737e+014	0.00156614	52.9292
1.99862e+014	0.00153343	53.4514
('port 3',TE,1,'port 1',1,'transmission')
(101,3)
1.8737e+014	0.823295	-2.9602
1.87495e+014	0.824838	-2.63935
1.8762e+014	0.826366	-2.31848
1.87745e+014	0.827881	-1.99761
1.8787e+014	0.829382	-1.67673
1.87995e+014	0.83087	-1.35585
1.8812e+014	0.832345	-1.03496
1.88245e+014	0.833806	-0.714061
1.8837e+014	0.835255	-0.393156
1.88495e+014	0.83669	-0.0722446
1.88619e+014	0.838113	0.248674
1.88744e+014	0.839522	0.569598
1.88869e+014	0.840918	0.890529
1.88994e+014	0.842301	1.21147
1.89119e+014	0.843671	1.53241
1.89244e+014	0.84503	1.85335
1.89369e+014	0.846376	2.17431
1.89494e+014	0.84771	2.49527
1.89619e+014	0.849032	2.81623
1.89744e+014	0.850343	3.1372
1.89869e+014	0.851641	3.45818
1.89993e+014	0.852926	3.77916
1.90118e+014	0.8542	4.10015
1.90243e+014	0.855462	4.42115
1.90368e+014	0.856713	4.74215
1.90493e+014	0.857953	5.06315
1.90618e+014	0.859181	5.38416
1.90743e+014	0.860399	5.70517
1.90868e+014	0.861606	6.02619
1.90993e+014	0.862802	6.34722
1.91118e+014	0.863986	6.66825
1.91243e+014	0.865159	6.98929
1.91368e+014	0.866322	7.31033
1.91492e+014	0.867473	7.63137
1.91617e+014	0.868614	7.95242
1.91742e+014	0.869745	8.27348
1.91867e+014	0.870865	8.59454
1.91992e+014	0.871976	8.9156
1.92117e+014	0.873077	9.23667
1.92242e+014	0.874167	9.55774
1.92367e+014	0.875248	9.87882
1.92492e+014	0.876318	10.1999
1.92617e+014	0.877378	10.521
1.92742e+014	0.878429	10.8421
1.92866e+014	0.879469	11.1632
1.92991e+014	0.8805	11.4843
1.93116e+014	0.881522	11.8054
1.93241e+014	0.882535	12.1265
1.93366e+014	0.883539	12.4476
1.93491e+014	0.884534	12.7687
1.93616e+014	0.885519	13.0898
1.93741e+014	0.886495	13.411
1.93866e+014	0.887462	13.7321
1.93991e+014	0.88842	14.0532
1.94116e+014	0.88937	14.3744
1.94241e+014	0.89031	14.6955
1.94365e+014	0.891242	15.0167
1.9449e+014	0.892166	15.3378
1.94615e+014	0.893081	15.659
1.9474e+014	0.893988	15.9801
1.94865e+014	0.894886	16.3013
1.9499e+014	0.895775	16.6225
1.95115e+014	0.896656	16.9436
1.9524e+014	0.897528	17.2648
1.95365e+014	0.898392	17.586
1.9549e+014	0.899249	17.9072
1.95615e+014	0.900097	18.2284
1.95739e+014	0.900938	18.5495
1.95864e+014	0.901771	18.8707
1.95989e+014	0.902597	19.1919
1.96114e+014	0.903415	19.5131
1.96239e+014	0.904225	19.8344
1.96364e+014	0.905027	20.1556
1.96489e+014	0.905823	20.4768
1.96614e+014	0.906611	20.798
1.96739e+014	0.907392	21.1192
1.96864e+014	0.908166	21.4404
1.96989e+014	0.908933	21.7617
1.97114e+014	0.909693	22.0829
1.97238e+014	0.910445	22.4041
1.97363e+014	0.911191	22.7254
1.97488e+014	0.911928	23.0466
1.97613e+014	0.912659	23.3679
1.97738e+014	0.913383	23.6891
1.97863e+014	0.9141	24.0104
1.97988e+014	0.914811	24.3317
1.98113e+014	0.915515	24.6529
1.98238e+014	0.916212	24.9742
1.98363e+014	0.916903	25.2955
1.98488e+014	0.917587	25.6168
1.98613e+014	0.918264	25.938
1.98737e+014	0.918934	26.2593
1.98862e+014	0.919597	26.5806
1.98987e+014	0.920255	26.9019
1.99112e+014	0.920906	27.2232
1.99237e+014	0.921552	27.5445
1.99362e+014	0.922192	27.8658
1.99487e+014	0.922827	28.1871
1.99612e+014	0.923456	28.5084
1.99737e+014	0.924079	28.8298
1.99862e+014	0.924697	29.1511
('port 4',TE,1,'port 1',1,'transmission')
(101,3)
1.8737e+014	0.563141	-1.28896
1.87495e+014	0.560881	-0.904355
1.8762e+014	0.558627	-0.519748
1.87745e+014	0.556381	-0.135139
1.8787e+014	0.554142	0.249472
1.87995e+014	0.55191	0.634084
1.8812e+014	0.549686	1.0187
1.88245e+014	0.54747	1.40331
1.8837e+014	0.545261	1.78793
1.88495e+014	0.543059	2.17256
1.88619e+014	0.540865	2.55718
1.88744e+014	0.538677	2.94181
1.88869e+014	0.536497	3.32644
1.88994e+014	0.534325	3.71107
1.89119e+014	0.532159	4.09571
1.89244e+014	0.530001	4.48035
1.89369e+014	0.527851	4.86499
1.89494e+014	0.525708	5.24964
1.89619e+014	0.523572	5.63429
1.89744e+014	0.521443	6.01894
1.89869e+014	0.519322	6.4036
1.89993e+014	0.517208	6.78826
1.90118e+014	0.515101	7.17292
1.90243e+014	0.513001	7.55759
1.90368e+014	0.510908	7.94225
1.90493e+014	0.508823	8.32692
1.90618e+014	0.506746	8.7116
1.90743e+014	0.504676	9.09627
1.90868e+014	0.502614	9.48095
1.90993e+014	0.500559	9.86563
1.91118e+014	0.498512	10.2503
1.91243e+014	0.496472	10.635
1.91368e+014	0.494439	11.0197
1.91492e+014	0.492414	11.4044
1.91617e+014	0.490396	11.789
1.91742e+014	0.488387	12.1737
1.91867e+014	0.486385	12.5584
1.91992e+014	0.484391	12.9431
1.92117e+014	0.482405	13.3278
1.92242e+014	0.480427	13.7125
1.92367e+014	0.478456	14.0972
1.92492e+014	0.476494	14.4819
1.92617e+014	0.474538	14.8666
1.92742e+014	0.472591	15.2513
1.92866e+014	0.470651	15.636
1.92991e+014	0.468719	16.0207
1.93116e+014	0.466795	16.4054
1.93241e+014	0.464878	16.7901
1.93366e+014	0.46297	17.1748
1.93491e+014	0.461069	17.5595
1.93616e+014	0.459176	17.9442
1.93741e+014	0.45729	18.3289
1.93866e+014	0.455411	18.7136
1.93991e+014	0.45354	19.0984
1.94116e+014	0.451677	19.4831
1.94241e+014	0.449821	19.8678
1.94365e+014	0.447972	20.2525
1.9449e+014	0.446131	20.6373
1.94615e+014	0.444296	21.022
1.9474e+014	0.442469	21.4067
1.94865e+014	0.440649	21.7914
1.9499e+014	0.438835	22.1762
1.95115e+014	0.437029	22.5609
1.9524e+014	0.435229	22.9456
1.95365e+014	0.433436	23.3304
1.9549e+014	0.431649	23.7151
1.95615e+014	0.42987	24.0998
1.95739e+014	0.428097	24.4846
1.95864e+014	0.426332	24.8693
1.95989e+014	0.424573	25.2541
1.96114e+014	0.422821	25.6388
1.96239e+014	0.421075	26.0235
1.96364e+014	0.419337	26.4083
1.96489e+014	0.417606	26.793
1.96614e+014	0.415881	27.1777
1.96739e+014	0.414164	27.5625
1.96864e+014	0.412454	27.9472
1.96989e+014	0.410751	28.332
1.97114e+014	0.409055	28.7167
1.97238e+014	0.407367	29.1015
1.97363e+014	0.405685	29.4862
1.97488e+014	0.404009	29.871
1.97613e+014	0.402341	30.2557
1.97738e+014	0.40068	30.6405
1.97863e+014	0.399026	31.0252
1.97988e+014	0.397378	31.41
1.98113e+014	0.395737	31.7947
1.98238e+014	0.394103	32.1795
1.98363e+014	0.392475	32.5643
1.98488e+014	0.390854	32.949
1.98613e+014	0.389239	33.3338
1.98737e+014	0.38763	33.7186
1.98862e+014	0.386027	34.1034
1.98987e+014	0.38443	34.4881
1.99112e+014	0.382839	34.8729
1.99237e+014	0.381255	35.2577
1.99362e+014	0.379676	35.6425
1.99487e+014	0.378104	36.0273
1.99612e+014	0.376538	36.4121
1.99737e+014	0.374977	36.7969
1.99862e+014	0.373423	37.1817
('port 1',TE,1,'port 2',1,'transmission')
(101,3)
1.8737e+014	0.000633987	1.79376
1.87495e+014	0.000528015	2.14078
1.8762e+014	0.000497017	2.30349
1.87745e+014	0.00060571	2.4675
1.8787e+014	0.000828647	2.80787
1.87995e+014	0.00111046	3.2835
1.8812e+014	0.00141581	3.83157
1.88245e+014	0.00172291	4.4191
1.8837e+014	0.00201652	5.03043
1.88495e+014	0.0022857	5.65784
1.88619e+014	0.00252319	6.29717
1.88744e+014	0.00272496	6.94571
1.88869e+014	0.00288929	7.60128
1.88994e+014	0.00301545	8.26174
1.89119e+014	0.00310221	8.92488
1.89244e+014	0.00314677	9.58852
1.89369e+014	0.00314436	10.2507
1.89494e+014	0.00308878	10.91
1.89619e+014	0.00297366	11.5654
1.89744e+014	0.00279396	12.2163
1.89869e+014	0.00254725	12.8621
1.89993e+014	0.00223464	13.5022
1.90118e+014	0.00186098	14.1344
1.90243e+014	0.00143476	14.7529
1.90368e+014	0.000968358	15.3378
1.90493e+014	0.000484182	15.7834
1.90618e+014	0.000204098	14.8785
1.90743e+014	0.00063478	14.6503
1.90868e+014	0.00114507	15.1694
1.90993e+014	0.00164725	15.7765
1.91118e+014	0.00212612	16.411
1.91243e+014	0.00257258	17.0586
1.91368e+014	0.00298023	17.7142
1.91492e+014	0.00334471	18.3756
1.91617e+014	0.00366344	19.0415
1.91742e+014	0.00393522	19.711
1.91867e+014	0.00415965	20.3831
1.91992e+014	0.00433652	21.0573
1.92117e+014	0.00446528	21.7328
1.92242e+014	0.00454482	22.4089
1.92367e+014	0.0045736	23.0855
1.92492e+014	0.00455012	23.7626
1.92617e+014	0.00447377	24.4404
1.92742e+014	0.00434557	25.1197
1.92866e+014	0.00416889	25.8018
1.92991e+014	0.00394985	26.4882
1.93116e+014	0.00369732	27.1807
1.93241e+014	0.0034227	27.8814
1.93366e+014	0.0031393	28.5927
1.93491e+014	0.00286154	29.3165
1.93616e+014	0.00260375	30.054
1.93741e+014	0.0023786	30.8047
1.93866e+014	0.00219512	31.5651
1.93991e+014	0.00205666	32.3287
1.94116e+014	0.00196007	33.0868
1.94241e+014	0.00189675	33.8306
1.94365e+014	0.00185572	34.5539
1.9449e+014	0.00182702	35.2532
1.94615e+014	0.00180421	35.9277
1.9474e+014	0.00178544	36.5781
1.94865e+014	0.00177324	37.2063
1.9499e+014	0.00177359	37.8152
1.95115e+014	0.00179434	38.4086
1.9524e+014	0.00184344	38.9917
1.95365e+014	0.00192719	39.5702
1.9549e+014	0.0020489	40.1495
1.95615e+014	0.00220839	40.7336
1.95739e+014	0.00240197	41.3247
1.95864e+014	0.00262302	41.9234
1.95989e+014	0.00286262	42.5295
1.96114e+014	0.00311027	43.1423
1.96239e+014	0.00335464	43.7608
1.96364e+014	0.00358438	44.3845
1.96489e+014	0.00378885	45.013
1.96614e+014	0.00395873	45.6461
1.96739e+014	0.00408652	46.2837
1.96864e+014	0.00416684	46.9259
1.96989e+014	0.00419657	47.5728
1.97114e+014	0.00417488	48.2248
1.97238e+014	0.0041031	48.8821
1.97363e+014	0.00398455	49.5451
1.97488e+014	0.0038242	50.2142
1.97613e+014	0.00362823	50.8899
1.97738e+014	0.00340341	51.5724
1.97863e+014	0.00315646	52.2622
1.97988e+014	0.00289345	52.9596
1.98113e+014	0.00261935	53.6651
1.98238e+014	0.00233811	54.38
1.98363e+014	0.00205323	55.1068
1.98488e+014	0.00176899	55.8504
1.98613e+014	0.00149236	56.6201
1.98737e+014	0.00123572	57.4312
1.98862e+014	0.00102019	58.3053
1.98987e+014	0.000876306	59.2559
1.99112e+014	0.000830281	60.2496
1.99237e+014	0.00087467	61.205
1.99362e+014	0.000967735	62.0731
1.99487e+014	0.00106553	62.8597
1.99612e+014	0.0011382	63.5863
1.99737e+014	0.00116886	64.2694
1.99862e+014	0.00114997	64.9174
('port 2',TE,1,'port 2',1,'transmission')
(101,3)
1.8737e+014	0.000147373	2.59586
1.87495e+014	0.000207696	3.40901
1.8762e+014	0.000243673	3.99776
1.87745e+014	0.000232213	4.54177
1.8787e+014	0.000171511	5.17485
1.87995e+014	0.000100585	6.38282
1.8812e+014	0.000176856	7.93223
1.88245e+014	0.000347242	8.62584
1.8837e+014	0.000530342	9.10335
1.88495e+014	0.000697121	9.51358
1.88619e+014	0.000827622	9.88962
1.88744e+014	0.000908313	10.2408
1.88869e+014	0.000933032	10.5685
1.88994e+014	0.00090359	10.8698
1.89119e+014	0.000829458	11.138
1.89244e+014	0.000726447	11.363
1.89369e+014	0.000614278	11.5319
1.89494e+014	0.000512647	11.6345
1.89619e+014	0.000435211	11.6752
1.89744e+014	0.000383673	11.68
1.89869e+014	0.000349322	11.6763
1.89993e+014	0.000323571	11.6704
1.90118e+014	0.000305544	11.6587
1.90243e+014	0.000297968	11.6592
1.90368e+014	0.00029623	11.7146
1.90493e+014	0.000284582	11.8604
1.90618e+014	0.000243966	12.122
1.90743e+014	0.000164496	12.6017
1.90868e+014	0.000102302	13.9741
1.90993e+014	0.00024289	15.2412
1.91118e+014	0.000476976	15.7752
1.91243e+014	0.000740035	16.1818
1.91368e+014	0.000999868	16.5551
1.91492e+014	0.00122524	16.9157
1.91617e+014	0.00138666	17.2686
1.91742e+014	0.00146	17.6132
1.91867e+014	0.00143021	17.9453
1.91992e+014	0.00129482	18.2543
1.92117e+014	0.00106776	18.5159
1.92242e+014	0.000788281	18.6659
1.92367e+014	0.000555725	18.5395
1.92492e+014	0.000565659	18.1451
1.92617e+014	0.000807132	18.0445
1.92742e+014	0.00108456	18.2096
1.92866e+014	0.00130056	18.4824
1.92991e+014	0.00141334	18.8017
1.93116e+014	0.00140592	19.1434
1.93241e+014	0.00127906	19.495
1.93366e+014	0.00104857	19.8457
1.93491e+014	0.000742861	20.1761
1.93616e+014	0.000402371	20.4102
1.93741e+014	0.000135642	19.7634
1.93866e+014	0.000323668	18.8346
1.93991e+014	0.000565981	19.0612
1.94116e+014	0.000730727	19.4286
1.94241e+014	0.000801675	19.8439
1.94365e+014	0.000780356	20.2925
1.9449e+014	0.000680427	20.7775
1.94615e+014	0.000524481	21.3179
1.9474e+014	0.000341863	21.9751
1.94865e+014	0.000180746	23.0202
1.9499e+014	0.000183039	24.7445
1.95115e+014	0.000333706	25.8029
1.9524e+014	0.000509284	26.5407
1.95365e+014	0.000693792	27.1883
1.9549e+014	0.000884546	27.7857
1.95615e+014	0.0010707	28.3412
1.95739e+014	0.00123141	28.8589
1.95864e+014	0.00134026	29.3433
1.95989e+014	0.00137144	29.7974
1.96114e+014	0.00130559	30.2214
1.96239e+014	0.00113462	30.6086
1.96364e+014	0.000866405	30.9323
1.96489e+014	0.00053778	31.0797
1.96614e+014	0.000322608	30.537
1.96739e+014	0.000567304	29.9841
1.96864e+014	0.000966828	30.109
1.96989e+014	0.00133802	30.3953
1.97114e+014	0.0016242	30.7274
1.97238e+014	0.00179373	31.0752
1.97363e+014	0.00183077	31.4266
1.97488e+014	0.00173478	31.7746
1.97613e+014	0.00151998	32.1115
1.97738e+014	0.00121401	32.4245
1.97863e+014	0.00085667	32.6815
1.97988e+014	0.000505929	32.7723
1.98113e+014	0.000297259	32.3116
1.98238e+014	0.000404999	31.7795
1.98363e+014	0.000588602	31.8342
1.98488e+014	0.000704114	32.0741
1.98613e+014	0.00072477	32.3706
1.98737e+014	0.000652926	32.6844
1.98862e+014	0.000505501	32.9912
1.98987e+014	0.000309792	33.2401
1.99112e+014	0.000113298	33.0532
1.99237e+014	0.000157924	31.6534
1.99362e+014	0.000320375	31.7383
1.99487e+014	0.000435387	32.0517
1.99612e+014	0.00048426	32.4267
1.99737e+014	0.000465432	32.8463
1.99862e+014	0.000389786	33.329
('port 3',TE,1,'port 2',1,'transmission')
(101,3)
1.8737e+014	0.563115	1.73139
1.87495e+014	0.560858	2.11592
1.8762e+014	0.558607	2.50046
1.87745e+014	0.556362	2.885
1.8787e+014	0.554123	3.26955
1.87995e+014	0.55189	3.65409
1.8812e+014	0.549664	4.03864
1.88245e+014	0.547445	4.42319
1.8837e+014	0.545233	4.80773
1.88495e+014	0.54303	5.19228
1.88619e+014	0.540834	5.57683
1.88744e+014	0.538647	5.96138
1.88869e+014	0.536467	6.34593
1.88994e+014	0.534296	6.73049
1.89119e+014	0.532133	7.11504
1.89244e+014	0.529978	7.4996
1.89369e+014	0.527831	7.88416
1.89494e+014	0.525693	8.26873
1.89619e+014	0.523562	8.6533
1.89744e+014	0.521439	9.03787
1.89869e+014	0.519322	9.42245
1.89993e+014	0.517213	9.80703
1.90118e+014	0.51511	10.1916
1.90243e+014	0.513014	10.5762
1.90368e+014	0.510924	10.9608
1.90493e+014	0.508842	11.3454
1.90618e+014	0.506765	11.73
1.90743e+014	0.504695	12.1146
1.90868e+014	0.502631	12.4992
1.90993e+014	0.500574	12.8838
1.91118e+014	0.498523	13.2683
1.91243e+014	0.496479	13.6529
1.91368e+014	0.494444	14.0375
1.91492e+014	0.492417	14.4221
1.91617e+014	0.490398	14.8067
1.91742e+014	0.488388	15.1913
1.91867e+014	0.486387	15.5759
1.91992e+014	0.484394	15.9605
1.92117e+014	0.48241	16.3451
1.92242e+014	0.480433	16.7297
1.92367e+014	0.478463	17.1143
1.92492e+014	0.476499	17.499
1.92617e+014	0.474543	17.8836
1.92742e+014	0.472594	18.2682
1.92866e+014	0.470652	18.6528
1.92991e+014	0.468717	19.0374
1.93116e+014	0.466791	19.4221
1.93241e+014	0.464872	19.8067
1.93366e+014	0.462961	20.1913
1.93491e+014	0.461057	20.5759
1.93616e+014	0.459162	20.9606
1.93741e+014	0.457274	21.3452
1.93866e+014	0.455396	21.7298
1.93991e+014	0.453526	22.1145
1.94116e+014	0.451663	22.4991
1.94241e+014	0.449808	22.8837
1.94365e+014	0.447959	23.2684
1.9449e+014	0.446115	23.653
1.94615e+014	0.444277	24.0377
1.9474e+014	0.442445	24.4223
1.94865e+014	0.440619	24.807
1.9499e+014	0.4388	25.1916
1.95115e+014	0.436988	25.5763
1.9524e+014	0.435183	25.9609
1.95365e+014	0.433386	26.3456
1.9549e+014	0.431597	26.7303
1.95615e+014	0.429815	27.1149
1.95739e+014	0.428042	27.4996
1.95864e+014	0.426278	27.8842
1.95989e+014	0.424522	28.2689
1.96114e+014	0.422773	28.6535
1.96239e+014	0.421032	29.0382
1.96364e+014	0.419297	29.4229
1.96489e+014	0.417566	29.8076
1.96614e+014	0.41584	30.1922
1.96739e+014	0.41412	30.5769
1.96864e+014	0.412406	30.9616
1.96989e+014	0.410699	31.3463
1.97114e+014	0.408999	31.7309
1.97238e+014	0.407307	32.1156
1.97363e+014	0.405624	32.5002
1.97488e+014	0.403948	32.8849
1.97613e+014	0.402281	33.2696
1.97738e+014	0.400623	33.6542
1.97863e+014	0.398974	34.0389
1.97988e+014	0.397333	34.4236
1.98113e+014	0.3957	34.8082
1.98238e+014	0.394073	35.1929
1.98363e+014	0.392451	35.5776
1.98488e+014	0.390833	35.9623
1.98613e+014	0.389219	36.347
1.98737e+014	0.387608	36.7318
1.98862e+014	0.386003	37.1165
1.98987e+014	0.384403	37.5012
1.99112e+014	0.382808	37.8859
1.99237e+014	0.38122	38.2706
1.99362e+014	0.37964	38.6553
1.99487e+014	0.378066	39.04
1.99612e+014	0.376502	39.4247
1.99737e+014	0.374945	39.8094
1.99862e+014	0.373397	40.1941
('port 4',TE,1,'port 2',1,'transmission')
(101,3)
1.8737e+014	0.822924	0.261137
1.87495e+014	0.824469	0.709407
1.8762e+014	0.825998	1.15768
1.87745e+014	0.827511	1.60595
1.8787e+014	0.829008	2.05422
1.87995e+014	0.830488	2.50249
1.8812e+014	0.831953	2.95075
1.88245e+014	0.833404	3.39901
1.8837e+014	0.83484	3.84727
1.88495e+014	0.836264	4.29552
1.88619e+014	0.837675	4.74377
1.88744e+014	0.839074	5.19202
1.88869e+014	0.840462	5.64027
1.88994e+014	0.841837	6.08852
1.89119e+014	0.843202	6.53676
1.89244e+014	0.844557	6.98501
1.89369e+014	0.845902	7.43325
1.89494e+014	0.847236	7.8815
1.89619e+014	0.848559	8.32975
1.89744e+014	0.849871	8.778
1.89869e+014	0.851171	9.22626
1.89993e+014	0.852458	9.67451
1.90118e+014	0.853734	10.1228
1.90243e+014	0.854997	10.571
1.90368e+014	0.856249	11.0193
1.90493e+014	0.857488	11.4675
1.90618e+014	0.858716	11.9158
1.90743e+014	0.85993	12.364
1.90868e+014	0.861132	12.8123
1.90993e+014	0.862321	13.2605
1.91118e+014	0.863499	13.7088
1.91243e+014	0.864665	14.157
1.91368e+014	0.86582	14.6052
1.91492e+014	0.866964	15.0534
1.91617e+014	0.868098	15.5016
1.91742e+014	0.869222	15.9498
1.91867e+014	0.870337	16.398
1.91992e+014	0.871441	16.8462
1.92117e+014	0.872534	17.2944
1.92242e+014	0.873617	17.7426
1.92367e+014	0.87469	18.1908
1.92492e+014	0.875751	18.639
1.92617e+014	0.876801	19.0872
1.92742e+014	0.87784	19.5354
1.92866e+014	0.87887	19.9836
1.92991e+014	0.879889	20.4318
1.93116e+014	0.880897	20.88
1.93241e+014	0.881895	21.3282
1.93366e+014	0.88288	21.7764
1.93491e+014	0.883853	22.2246
1.93616e+014	0.884815	22.6728
1.93741e+014	0.885765	23.121
1.93866e+014	0.886706	23.5692
1.93991e+014	0.887639	24.0174
1.94116e+014	0.888563	24.4657
1.94241e+014	0.889479	24.9139
1.94365e+014	0.890387	25.3621
1.9449e+014	0.891286	25.8103
1.94615e+014	0.892178	26.2586
1.9474e+014	0.893064	26.7068
1.94865e+014	0.893944	27.155
1.9499e+014	0.894819	27.6032
1.95115e+014	0.89569	28.0515
1.9524e+014	0.896554	28.4997
1.95365e+014	0.897412	28.9479
1.9549e+014	0.898261	29.3962
1.95615e+014	0.899103	29.8444
1.95739e+014	0.899937	30.2926
1.95864e+014	0.900764	30.7408
1.95989e+014	0.901585	31.1891
1.96114e+014	0.902401	31.6373
1.96239e+014	0.903209	32.0855
1.96364e+014	0.904011	32.5337
1.96489e+014	0.904804	32.9819
1.96614e+014	0.90559	33.4301
1.96739e+014	0.906371	33.8783
1.96864e+014	0.907147	34.3265
1.96989e+014	0.907919	34.7747
1.97114e+014	0.908688	35.2228
1.97238e+014	0.909453	35.671
1.97363e+014	0.910213	36.1192
1.97488e+014	0.910968	36.5674
1.97613e+014	0.911717	37.0156
1.97738e+014	0.91246	37.4637
1.97863e+014	0.9132	37.9119
1.97988e+014	0.913934	38.3601
1.98113e+014	0.914664	38.8083
1.98238e+014	0.915387	39.2565
1.98363e+014	0.916102	39.7046
1.98488e+014	0.916809	40.1528
1.98613e+014	0.917507	40.601
1.98737e+014	0.918195	41.0492
1.98862e+014	0.918876	41.4974
1.98987e+014	0.919548	41.9456
1.99112e+014	0.920211	42.3937
1.99237e+014	0.920864	42.8419
1.99362e+014	0.921507	43.2901
1.99487e+014	0.92214	43.7383
1.99612e+014	0.922762	44.1864
1.99737e+014	0.923374	44.6346
1.99862e+014	0.923977	45.0828
('port 1',TE,1,'port 3',1,'transmission')
(101,3)
1.8737e+014	0.823295	-2.9602
1.87495e+014	0.824838	-2.63935
1.8762e+014	0.826366	-2.31848
1.87745e+014	0.827881	-1.99761
1.8787e+014	0.829382	-1.67673
1.87995e+014	0.83087	-1.35585
1.8812e+014	0.832345	-1.03496
1.88245e+014	0.833806	-0.714061
1.8837e+014	0.835255	-0.393156
1.88495e+014	0.83669	-0.0722446
1.88619e+014	0.838113	0.248674
1.88744e+014	0.839522	0.569598
1.88869e+014	0.840918	0.890529
1.88994e+014	0.842301	1.21147
1.89119e+014	0.843671	1.53241
1.89244e+014	0.84503	1.85335
1.89369e+014	0.846376	2.17431
1.89494e+014	0.84771	2.49527
1.89619e+014	0.849032	2.81623
1.89744e+014	0.850343	3.1372
1.89869e+014	0.851641	3.45818
1.89993e+014	0.852926	3.77916
1.90118e+014	0.8542	4.10015
1.90243e+014	0.855462	4.42115
1.90368e+014	0.856713	4.74215
1.90493e+014	0.857953	5.06315
1.90618e+014	0.859181	5.38416
1.90743e+014	0.860399	5.70517
1.90868e+014	0.861606	6.02619
1.90993e+014	0.862802	6.34722
1.91118e+014	0.863986	6.66825
1.91243e+014	0.865159	6.98929
1.91368e+014	0.866322	7.31033
1.91492e+014	0.867473	7.63137
1.91617e+014	0.868614	7.95242
1.91742e+014	0.869745	8.27348
1.91867e+014	0.870865	8.59454
1.91992e+014	0.871976	8.9156
1.92117e+014	0.873077	9.23667
1.92242e+014	0.874167	9.55774
1.92367e+014	0.875248	9.87882
1.92492e+014	0.876318	10.1999
1.92617e+014	0.877378	10.521
1.92742e+014	0.878429	10.8421
1.92866e+014	0.879469	11.1632
1.92991e+014	0.8805	11.4843
1.93116e+014	0.881522	11.8054
1.93241e+014	0.882535	12.1265
1.93366e+014	0.883539	12.4476
1.93491e+014	0.884534	12.7687
1.93616e+014	0.885519	13.0898
1.93741e+014	0.886495	13.411
1.93866e+014	0.887462	13.7321
1.93991e+014	0.88842	14.0532
1.94116e+014	0.88937	14.3744
1.94241e+014	0.89031	14.6955
1.94365e+014	0.891242	15.0167
1.9449e+014	0.892166	15.3378
1.94615e+014	0.893081	15.659
1.9474e+014	0.893988	15.9801
1.94865e+014	0.894886	16.3013
1.9499e+014	0.895775	16.6225
1.95115e+014	0.896656	16.9436
1.9524e+014	0.897528	17.2648
1.95365e+014	0.898392	17.586
1.9549e+014	0.899249	17.9072
1.95615e+014	0.900097	18.2284
1.95739e+014	0.900938	18.5495
1.95864e+014	0.901771	18.8707
1.95989e+014	0.902597	19.1919
1.96114e+014	0.903415	19.5131
1.96239e+014	0.904225	19.8344
1.96364e+014	0.905027	20.1556
1.96489e+014	0.905823	20.4768
1.96614e+014	0.906611	20.798
1.96739e+014	0.907392	21.1192
1.96864e+014	0.908166	21.4404
1.96989e+014	0.908933	21.7617
1.97114e+014	0.909693	22.0829
1.97238e+014	0.910445	22.4041
1.97363e+014	0.911191	22.7254
1.97488e+014	0.911928	23.0466
1.97613e+014	0.912659	23.3679
1.97738e+014	0.913383	23.6891
1.97863e+014	0.9141	24.0104
1.97988e+014	0.914811	24.3317
1.98113e+014	0.915515	24.6529
1.98238e+014	0.916212	24.9742
1.98363e+014	0.916903	25.2955
1.98488e+014	0.917587	25.6168
1.98613e+014	0.918264	25.938
1.98737e+014	0.918934	26.2593
1.98862e+014	0.919597	26.5806
1.98987e+014	0.920255	26.9019
1.99112e+014	0.920906	27.2232
1.99237e+014	0.921552	27.5445
1.99362e+014	0.922192	27.8658
1.99487e+014	0.922827	28.1871
1.99612e+014	0.923456	28.5084
1.99737e+014	0.924079	28.8298
1.99862e+014	0.924697	29.1511
('port 2',TE,1,'port 3',1,'transmission')
(101,3)
1.8737e+014	0.563141	1.85263
1.87495e+014	0.560881	2.23724
1.8762e+014	0.558627	2.62184
1.87745e+014	0.556381	3.00645
1.8787e+014	0.554142	3.39106
1.87995e+014	0.55191	3.77568
1.8812e+014	0.549686	4.16029
1.88245e+014	0.54747	4.54491
1.8837e+014	0.545261	4.92953
1.88495e+014	0.543059	5.31415
1.88619e+014	0.540865	5.69877
1.88744e+014	0.538677	6.0834
1.88869e+014	0.536497	6.46803
1.88994e+014	0.534325	6.85266
1.89119e+014	0.532159	7.2373
1.89244e+014	0.530001	7.62194
1.89369e+014	0.527851	8.00658
1.89494e+014	0.525708	8.39123
1.89619e+014	0.523572	8.77588
1.89744e+014	0.521443	9.16053
1.89869e+014	0.519322	9.54519
1.89993e+014	0.517208	9.92985
1.90118e+014	0.515101	10.3145
1.90243e+014	0.513001	10.6992
1.90368e+014	0.510908	11.0838
1.90493e+014	0.508823	11.4685
1.90618e+014	0.506746	11.8532
1.90743e+014	0.504676	12.2379
1.90868e+014	0.502614	12.6225
1.90993e+014	0.500559	13.0072
1.91118e+014	0.498512	13.3919
1.91243e+014	0.496472	13.7766
1.91368e+014	0.494439	14.1613
1.91492e+014	0.492414	14.5459
1.91617e+014	0.490396	14.9306
1.91742e+014	0.488387	15.3153
1.91867e+014	0.486385	15.7
1.91992e+014	0.484391	16.0847
1.92117e+014	0.482405	16.4694
1.92242e+014	0.480427	16.8541
1.92367e+014	0.478456	17.2388
1.92492e+014	0.476494	17.6235
1.92617e+014	0.474538	18.0082
1.92742e+014	0.472591	18.3929
1.92866e+014	0.470651	18.7776
1.92991e+014	0.468719	19.1623
1.93116e+014	0.466795	19.547
1.93241e+014	0.464878	19.9317
1.93366e+014	0.46297	20.3164
1.93491e+014	0.461069	20.7011
1.93616e+014	0.459176	21.0858
1.93741e+014	0.45729	21.4705
1.93866e+014	0.455411	21.8552
1.93991e+014	0.45354	22.24
1.94116e+014	0.451677	22.6247
1.94241e+014	0.449821	23.0094
1.94365e+014	0.447972	23.3941
1.9449e+014	0.446131	23.7788
1.94615e+014	0.444296	24.1636
1.9474e+014	0.442469	24.5483
1.94865e+014	0.440649	24.933
1.9499e+014	0.438835	25.3178
1.95115e+014	0.437029	25.7025
1.9524e+014	0.435229	26.0872
1.95365e+014	0.433436	26.472
1.9549e+014	0.431649	26.8567
1.95615e+014	0.42987	27.2414
1.95739e+014	0.428097	27.6262
1.95864e+014	0.426332	28.0109
1.95989e+014	0.424573	28.3956
1.96114e+014	0.422821	28.7804
1.96239e+014	0.421075	29.1651
1.96364e+014	0.419337	29.5499
1.96489e+014	0.417606	29.9346
1.96614e+014	0.415881	30.3193
1.96739e+014	0.414164	30.7041
1.96864e+014	0.412454	31.0888
1.96989e+014	0.410751	31.4736
1.97114e+014	0.409055	31.8583
1.97238e+014	0.407367	32.2431
1.97363e+014	0.405685	32.6278
1.97488e+014	0.404009	33.0125
1.97613e+014	0.402341	33.3973
1.97738e+014	0.40068	33.782
1.97863e+014	0.399026	34.1668
1.97988e+014	0.397378	34.5516
1.98113e+014	0.395737	34.9363
1.98238e+014	0.394103	35.3211
1.98363e+014	0.392475	35.7058
1.98488e+014	0.390854	36.0906
1.98613e+014	0.389239	36.4754
1.98737e+014	0.38763	36.8602
1.98862e+014	0.386027	37.2449
1.98987e+014	0.38443	37.6297
1.99112e+014	0.382839	38.0145
1.99237e+014	0.381255	38.3993
1.99362e+014	0.379676	38.7841
1.99487e+014	0.378104	39.1689
1.99612e+014	0.376538	39.5537
1.99737e+014	0.374977	39.9385
1.99862e+014	0.373423	40.3233
('port 3',TE,1,'port 3',1,'transmission')
(101,3)
1.8737e+014	0.000568697	-1.43692
1.87495e+014	0.000331758	-0.264107
1.8762e+014	0.000528042	1.04699
1.87745e+014	0.000893013	1.66405
1.8787e+014	0.00123131	2.09397
1.87995e+014	0.00149182	2.46885
1.8812e+014	0.00165208	2.82351
1.88245e+014	0.00170421	3.17204
1.8837e+014	0.00165222	3.52342
1.88495e+014	0.00151048	3.88698
1.88619e+014	0.00130253	4.27663
1.88744e+014	0.00106116	4.71717
1.88869e+014	0.000831963	5.25276
1.88994e+014	0.000679961	5.93117
1.89119e+014	0.000666846	6.68661
1.89244e+014	0.000774896	7.33665
1.89369e+014	0.000930302	7.83958
1.89494e+014	0.00108199	8.24859
1.89619e+014	0.00120695	8.60789
1.89744e+014	0.00129609	8.94394
1.89869e+014	0.00134653	9.27378
1.89993e+014	0.00135842	9.61034
1.90118e+014	0.00133447	9.96508
1.90243e+014	0.00128096	10.3496
1.90368e+014	0.00120974	10.7757
1.90493e+014	0.00113982	11.2537
1.90618e+014	0.00109627	11.7847
1.90743e+014	0.00110204	12.3509
1.90868e+014	0.00116459	12.919
1.90993e+014	0.00127023	13.462
1.91118e+014	0.00139319	13.9729
1.91243e+014	0.00150778	14.4588
1.91368e+014	0.00159502	14.931
1.91492e+014	0.00164453	15.4004
1.91617e+014	0.00165472	15.8763
1.91742e+014	0.00163188	16.3662
1.91867e+014	0.00158832	16.8751
1.91992e+014	0.00153903	17.404
1.92117e+014	0.00149698	17.9493
1.92242e+014	0.00146833	18.503
1.92367e+014	0.00145032	19.0564
1.92492e+014	0.00143344	19.6042
1.92617e+014	0.00140664	20.1463
1.92742e+014	0.00136243	20.6875
1.92866e+014	0.00129992	21.2351
1.92991e+014	0.00122538	21.7968
1.93116e+014	0.00115014	22.3777
1.93241e+014	0.00108596	22.9761
1.93366e+014	0.00103876	23.5827
1.93491e+014	0.00100425	24.1849
1.93616e+014	0.000969436	24.7749
1.93741e+014	0.000919254	25.3553
1.93866e+014	0.000843987	25.9407
1.93991e+014	0.000745385	26.5583
1.94116e+014	0.000642673	27.2494
1.94241e+014	0.000577541	28.0481
1.94365e+014	0.000597096	28.8994
1.9449e+014	0.000701885	29.6714
1.94615e+014	0.000845489	30.3256
1.9474e+014	0.000981972	30.9004
1.94865e+014	0.00108182	31.4362
1.9499e+014	0.00113059	31.9626
1.95115e+014	0.00112832	32.5037
1.9524e+014	0.00109105	33.0816
1.95365e+014	0.00105228	33.7129
1.9549e+014	0.00105646	34.3908
1.95615e+014	0.00113523	35.0719
1.95739e+014	0.00128272	35.707
1.95864e+014	0.00146266	36.281
1.95989e+014	0.00163288	36.8056
1.96114e+014	0.00175924	37.2989
1.96239e+014	0.0018196	37.7776
1.96364e+014	0.00180491	38.2568
1.96489e+014	0.00172032	38.7514
1.96614e+014	0.00158662	39.2789
1.96739e+014	0.00144149	39.8571
1.96864e+014	0.00133607	40.4933
1.96989e+014	0.00131579	41.1627
1.97114e+014	0.00138736	41.811
1.97238e+014	0.00151175	42.4007
1.97363e+014	0.00163437	42.9308
1.97488e+014	0.00171057	43.4173
1.97613e+014	0.00171259	43.8779
1.97738e+014	0.00162894	44.328
1.97863e+014	0.00146297	44.7839
1.97988e+014	0.00123232	45.2672
1.98113e+014	0.000970829	45.8161
1.98238e+014	0.000736667	46.4988
1.98363e+014	0.000619522	47.3615
1.98488e+014	0.00066811	48.2246
1.98613e+014	0.000799281	48.9022
1.98737e+014	0.000913885	49.4368
1.98862e+014	0.000960839	49.8966
1.98987e+014	0.000919849	50.3195
1.99112e+014	0.000788555	50.7274
1.99237e+014	0.000577449	51.1426
1.99362e+014	0.000308452	51.6331
1.99487e+014	7.93165e-005	53.4456
1.99612e+014	0.000334245	55.007
1.99737e+014	0.000618867	55.4811
1.99862e+014	0.000853244	55.885
('port 4',TE,1,'port 3',1,'transmission')
(101,3)
1.8737e+014	0.000814053	-0.994452
1.87495e+014	0.000865907	-0.565642
1.8762e+014	0.000918863	-0.121216
1.87745e+014	0.000971201	0.338333
1.8787e+014	0.0010219	0.812116
1.87995e+014	0.00107059	1.29902
1.8812e+014	0.00111746	1.79776
1.88245e+014	0.00116302	2.30695
1.8837e+014	0.00120797	2.82512
1.88495e+014	0.00125299	3.35081
1.88619e+014	0.00129869	3.88259
1.88744e+014	0.00134551	4.41916
1.88869e+014	0.00139378	4.95932
1.88994e+014	0.00144369	5.50202
1.89119e+014	0.00149534	6.04631
1.89244e+014	0.00154865	6.59127
1.89369e+014	0.00160333	7.13607
1.89494e+014	0.00165877	7.67996
1.89619e+014	0.00171404	8.22232
1.89744e+014	0.0017678	8.76271
1.89869e+014	0.00181846	9.30092
1.89993e+014	0.00186422	9.83698
1.90118e+014	0.00190331	10.3712
1.90243e+014	0.00193414	10.904
1.90368e+014	0.00195551	11.436
1.90493e+014	0.00196667	11.968
1.90618e+014	0.00196749	12.5007
1.90743e+014	0.00195839	13.0349
1.90868e+014	0.00194031	13.5712
1.90993e+014	0.00191464	14.11
1.91118e+014	0.00188302	14.6518
1.91243e+014	0.00184718	15.1966
1.91368e+014	0.00180882	15.7443
1.91492e+014	0.00176941	16.2946
1.91617e+014	0.00173011	16.8469
1.91742e+014	0.0016917	17.4005
1.91867e+014	0.00165454	17.9545
1.91992e+014	0.00161858	18.5081
1.92117e+014	0.0015834	19.0604
1.92242e+014	0.0015483	19.6105
1.92367e+014	0.0015123	20.1576
1.92492e+014	0.00147431	20.7012
1.92617e+014	0.00143315	21.2407
1.92742e+014	0.00138772	21.7758
1.92866e+014	0.00133704	22.3063
1.92991e+014	0.00128041	22.8322
1.93116e+014	0.00121746	23.3535
1.93241e+014	0.00114821	23.8702
1.93366e+014	0.00107309	24.3825
1.93491e+014	0.000992946	24.8901
1.93616e+014	0.00090899	25.3929
1.93741e+014	0.000822732	25.8902
1.93866e+014	0.000735912	26.3806
1.93991e+014	0.000650437	26.862
1.94116e+014	0.00056835	27.3311
1.94241e+014	0.000491871	27.7827
1.94365e+014	0.000423525	28.2097
1.9449e+014	0.000366336	28.6041
1.94615e+014	0.000323908	28.9603
1.9474e+014	0.000299884	29.2839
1.94865e+014	0.000296366	29.5974
1.9499e+014	0.000312373	29.9317
1.95115e+014	0.000344399	30.3065
1.9524e+014	0.000388505	30.7241
1.95365e+014	0.000441703	31.1771
1.9549e+014	0.00050211	31.6559
1.95615e+014	0.000568567	32.1521
1.95739e+014	0.000640205	32.6593
1.95864e+014	0.000716131	33.1729
1.95989e+014	0.000795233	33.6897
1.96114e+014	0.000876103	34.2078
1.96239e+014	0.000957053	34.7261
1.96364e+014	0.0010362	35.2441
1.96489e+014	0.00111162	35.762
1.96614e+014	0.00118149	36.2801
1.96739e+014	0.00124429	36.7992
1.96864e+014	0.00129894	37.32
1.96989e+014	0.00134493	37.8434
1.97114e+014	0.00138235	38.37
1.97238e+014	0.00141188	38.9006
1.97363e+014	0.00143468	39.4354
1.97488e+014	0.00145223	39.9746
1.97613e+014	0.0014661	40.5179
1.97738e+014	0.00147771	41.0647
1.97863e+014	0.0014882	41.6144
1.97988e+014	0.00149831	42.1662
1.98113e+014	0.00150839	42.7194
1.98238e+014	0.00151855	43.2732
1.98363e+014	0.00152876	43.8272
1.98488e+014	0.00153903	44.381
1.98613e+014	0.00154942	44.9341
1.98737e+014	0.00156003	45.4862
1.98862e+014	0.00157084	46.0364
1.98987e+014	0.00158151	46.5841
1.99112e+014	0.00159125	47.1285
1.99237e+014	0.00159869	47.6688
1.99362e+014	0.00160199	48.2047
1.99487e+014	0.00159902	48.7362
1.99612e+014	0.00158765	49.2635
1.99737e+014	0.00156614	49.7876
1.99862e+014	0.00153343	50.3098
('port 1',TE,1,'port 4',1,'transmission')
(101,3)
1.8737e+014	0.563115	-1.4102
1.87495e+014	0.560858	-1.02567
1.8762e+014	0.558607	-0.641131
1.87745e+014	0.556362	-0.256589
1.8787e+014	0.554123	0.127955
1.87995e+014	0.55189	0.5125
1.8812e+014	0.549664	0.897046
1.88245e+014	0.547445	1.28159
1.8837e+014	0.545233	1.66614
1.88495e+014	0.54303	2.05069
1.88619e+014	0.540834	2.43524
1.88744e+014	0.538647	2.81979
1.88869e+014	0.536467	3.20434
1.88994e+014	0.534296	3.58889
1.89119e+014	0.532133	3.97345
1.89244e+014	0.529978	4.35801
1.89369e+014	0.527831	4.74257
1.89494e+014	0.525693	5.12713
1.89619e+014	0.523562	5.5117
1.89744e+014	0.521439	5.89628
1.89869e+014	0.519322	6.28085
1.89993e+014	0.517213	6.66543
1.90118e+014	0.51511	7.05002
1.90243e+014	0.513014	7.4346
1.90368e+014	0.510924	7.81919
1.90493e+014	0.508842	8.20378
1.90618e+014	0.506765	8.58837
1.90743e+014	0.504695	8.97297
1.90868e+014	0.502631	9.35756
1.90993e+014	0.500574	9.74216
1.91118e+014	0.498523	10.1268
1.91243e+014	0.496479	10.5113
1.91368e+014	0.494444	10.8959
1.91492e+014	0.492417	11.2805
1.91617e+014	0.490398	11.6651
1.91742e+014	0.488388	12.0497
1.91867e+014	0.486387	12.4343
1.91992e+014	0.484394	12.8189
1.92117e+014	0.48241	13.2035
1.92242e+014	0.480433	13.5881
1.92367e+014	0.478463	13.9727
1.92492e+014	0.476499	14.3574
1.92617e+014	0.474543	14.742
1.92742e+014	0.472594	15.1266
1.92866e+014	0.470652	15.5112
1.92991e+014	0.468717	15.8958
1.93116e+014	0.466791	16.2805
1.93241e+014	0.464872	16.6651
1.93366e+014	0.462961	17.0497
1.93491e+014	0.461057	17.4343
1.93616e+014	0.459162	17.819
1.93741e+014	0.457274	18.2036
1.93866e+014	0.455396	18.5882
1.93991e+014	0.453526	18.9729
1.94116e+014	0.451663	19.3575
1.94241e+014	0.449808	19.7421
1.94365e+014	0.447959	20.1268
1.9449e+014	0.446115	20.5114
1.94615e+014	0.444277	20.8961
1.9474e+014	0.442445	21.2807
1.94865e+014	0.440619	21.6654
1.9499e+014	0.4388	22.0501
1.95115e+014	0.436988	22.4347
1.9524e+014	0.435183	22.8194
1.95365e+014	0.433386	23.204
1.9549e+014	0.431597	23.5887
1.95615e+014	0.429815	23.9733
1.95739e+014	0.428042	24.358
1.95864e+014	0.426278	24.7426
1.95989e+014	0.424522	25.1273
1.96114e+014	0.422773	25.5119
1.96239e+014	0.421032	25.8966
1.96364e+014	0.419297	26.2813
1.96489e+014	0.417566	26.666
1.96614e+014	0.41584	27.0506
1.96739e+014	0.41412	27.4353
1.96864e+014	0.412406	27.82
1.96989e+014	0.410699	28.2047
1.97114e+014	0.408999	28.5893
1.97238e+014	0.407307	28.974
1.97363e+014	0.405624	29.3587
1.97488e+014	0.403948	29.7433
1.97613e+014	0.402281	30.128
1.97738e+014	0.400623	30.5126
1.97863e+014	0.398974	30.8973
1.97988e+014	0.397333	31.282
1.98113e+014	0.3957	31.6667
1.98238e+014	0.394073	32.0513
1.98363e+014	0.392451	32.436
1.98488e+014	0.390833	32.8207
1.98613e+014	0.389219	33.2055
1.98737e+014	0.387608	33.5902
1.98862e+014	0.386003	33.9749
1.98987e+014	0.384403	34.3596
1.99112e+014	0.382808	34.7443
1.99237e+014	0.38122	35.129
1.99362e+014	0.37964	35.5137
1.99487e+014	0.378066	35.8984
1.99612e+014	0.376502	36.2831
1.99737e+014	0.374945	36.6678
1.99862e+014	0.373397	37.0525
('port 2',TE,1,'port 4',1,'transmission')
(101,3)
1.8737e+014	0.822924	0.261137
1.87495e+014	0.824469	0.709407
1.8762e+014	0.825998	1.15768
1.87745e+014	0.827511	1.60595
1.8787e+014	0.829008	2.05422
1.87995e+014	0.830488	2.50249
1.8812e+014	0.831953	2.95075
1.88245e+014	0.833404	3.39901
1.8837e+014	0.83484	3.84727
1.88495e+014	0.836264	4.29552
1.88619e+014	0.837675	4.74377
1.88744e+014	0.839074	5.19202
1.88869e+014	0.840462	5.64027
1.88994e+014	0.841837	6.08852
1.89119e+014	0.843202	6.53676
1.89244e+014	0.844557	6.98501
1.89369e+014	0.845902	7.43325
1.89494e+014	0.847236	7.8815
1.89619e+014	0.848559	8.32975
1.89744e+014	0.849871	8.778
1.89869e+014	0.851171	9.22626
1.89993e+014	0.852458	9.67451
1.90118e+014	0.853734	10.1228
1.90243e+014	0.854997	10.571
1.90368e+014	0.856249	11.0193
1.90493e+014	0.857488	11.4675
1.90618e+014	0.858716	11.9158
1.90743e+014	0.85993	12.364
1.90868e+014	0.861132	12.8123
1.90993e+014	0.862321	13.2605
1.91118e+014	0.863499	13.7088
1.91243e+014	0.864665	14.157
1.91368e+014	0.86582	14.6052
1.91492e+014	0.866964	15.0534
1.91617e+014	0.868098	15.5016
1.91742e+014	0.869222	15.9498
1.91867e+014	0.870337	16.398
1.91992e+014	0.871441	16.8462
1.92117e+014	0.872534	17.2944
1.92242e+014	0.873617	17.7426
1.92367e+014	0.87469	18.1908
1.92492e+014	0.875751	18.639
1.92617e+014	0.876801	19.0872
1.92742e+014	0.87784	19.5354
1.92866e+014	0.87887	19.9836
1.92991e+014	0.879889	20.4318
1.93116e+014	0.880897	20.88
1.93241e+014	0.881895	21.3282
1.93366e+014	0.88288	21.7764
1.93491e+014	0.883853	22.2246
1.93616e+014	0.884815	22.6728
1.93741e+014	0.885765	23.121
1.93866e+014	0.886706	23.5692
1.93991e+014	0.887639	24.0174
1.94116e+014	0.888563	24.4657
1.94241e+014	0.889479	24.9139
1.94365e+014	0.890387	25.3621
1.9449e+014	0.891286	25.8103
1.94615e+014	0.892178	26.2586
1.9474e+014	0.893064	26.7068
1.94865e+014	0.893944	27.155
1.9499e+014	0.894819	27.6032
1.95115e+014	0.89569	28.0515
1.9524e+014	0.896554	28.4997
1.95365e+014	0.897412	28.9479
1.9549e+014	0.898261	29.3962
1.95615e+014	0.899103	29.8444
1.95739e+014	0.899937	30.2926
1.95864e+014	0.900764	30.7408
1.95989e+014	0.901585	31.1891
1.96114e+014	0.902401	31.6373
1.96239e+014	0.903209	32.0855
1.96364e+014	0.904011	32.5337
1.96489e+014	0.904804	32.9819
1.96614e+014	0.90559	33.4301
1.96739e+014	0.906371	33.8783
1.96864e+014	0.907147	34.3265
1.96989e+014	0.907919	34.7747
1.97114e+014	0.908688	35.2228
1.97238e+014	0.909453	35.671
1.97363e+014	0.910213	36.1192
1.97488e+014	0.910968	36.5674
1.97613e+014	0.911717	37.0156
1.97738e+014	0.91246	37.4637
1.97863e+014	0.9132	37.9119
1.97988e+014	0.913934	38.3601
1.98113e+014	0.914664	38.8083
1.98238e+014	0.915387	39.2565
1.98363e+014	0.916102	39.7046
1.98488e+014	0.916809	40.1528
1.98613e+014	0.917507	40.601
1.98737e+014	0.918195	41.0492
1.98862e+014	0.918876	41.4974
1.98987e+014	0.919548	41.9456
1.99112e+014	0.920211	42.3937
1.99237e+014	0.920864	42.8419
1.99362e+014	0.921507	43.2901
1.99487e+014	0.92214	43.7383
1.99612e+014	0.922762	44.1864
1.99737e+014	0.923374	44.6346
1.99862e+014	0.923977	45.0828
('port 3',TE,1,'port 4',1,'transmission')
(101,3)
1.8737e+014	0.000633987	-1.34783
1.87495e+014	0.000528015	-1.00081
1.8762e+014	0.000497017	-0.838103
1.87745e+014	0.00060571	-0.674094
1.8787e+014	0.000828647	-0.333724
1.87995e+014	0.00111046	0.141907
1.8812e+014	0.00141581	0.68998
1.88245e+014	0.00172291	1.2775
1.8837e+014	0.00201652	1.88883
1.88495e+014	0.0022857	2.51625
1.88619e+014	0.00252319	3.15557
1.88744e+014	0.00272496	3.80412
1.88869e+014	0.00288929	4.45969
1.88994e+014	0.00301545	5.12015
1.89119e+014	0.00310221	5.78328
1.89244e+014	0.00314677	6.44692
1.89369e+014	0.00314436	7.10915
1.89494e+014	0.00308878	7.76845
1.89619e+014	0.00297366	8.42384
1.89744e+014	0.00279396	9.07469
1.89869e+014	0.00254725	9.72054
1.89993e+014	0.00223464	10.3606
1.90118e+014	0.00186098	10.9928
1.90243e+014	0.00143476	11.6113
1.90368e+014	0.000968358	12.1962
1.90493e+014	0.000484182	12.6418
1.90618e+014	0.000204098	11.7369
1.90743e+014	0.00063478	11.5087
1.90868e+014	0.00114507	12.0278
1.90993e+014	0.00164725	12.6349
1.91118e+014	0.00212612	13.2694
1.91243e+014	0.00257258	13.917
1.91368e+014	0.00298023	14.5726
1.91492e+014	0.00334471	15.234
1.91617e+014	0.00366344	15.8999
1.91742e+014	0.00393522	16.5694
1.91867e+014	0.00415965	17.2416
1.91992e+014	0.00433652	17.9157
1.92117e+014	0.00446528	18.5912
1.92242e+014	0.00454482	19.2673
1.92367e+014	0.0045736	19.9439
1.92492e+014	0.00455012	20.621
1.92617e+014	0.00447377	21.2988
1.92742e+014	0.00434557	21.9781
1.92866e+014	0.00416889	22.6602
1.92991e+014	0.00394985	23.3466
1.93116e+014	0.00369732	24.0391
1.93241e+014	0.0034227	24.7398
1.93366e+014	0.0031393	25.4511
1.93491e+014	0.00286154	26.1749
1.93616e+014	0.00260375	26.9124
1.93741e+014	0.0023786	27.6631
1.93866e+014	0.00219512	28.4235
1.93991e+014	0.00205666	29.1871
1.94116e+014	0.00196007	29.9452
1.94241e+014	0.00189675	30.689
1.94365e+014	0.00185572	31.4123
1.9449e+014	0.00182702	32.1116
1.94615e+014	0.00180421	32.7861
1.9474e+014	0.00178544	33.4365
1.94865e+014	0.00177324	34.0647
1.9499e+014	0.00177359	34.6736
1.95115e+014	0.00179434	35.267
1.9524e+014	0.00184344	35.8502
1.95365e+014	0.00192719	36.4287
1.9549e+014	0.0020489	37.0079
1.95615e+014	0.00220839	37.592
1.95739e+014	0.00240197	38.1831
1.95864e+014	0.00262302	38.7818
1.95989e+014	0.00286262	39.3879
1.96114e+014	0.00311027	40.0007
1.96239e+014	0.00335464	40.6192
1.96364e+014	0.00358438	41.2429
1.96489e+014	0.00378885	41.8714
1.96614e+014	0.00395873	42.5045
1.96739e+014	0.00408652	43.1421
1.96864e+014	0.00416684	43.7843
1.96989e+014	0.00419657	44.4312
1.97114e+014	0.00417488	45.0832
1.97238e+014	0.0041031	45.7405
1.97363e+014	0.00398455	46.4035
1.97488e+014	0.0038242	47.0726
1.97613e+014	0.00362823	47.7483
1.97738e+014	0.00340341	48.4309
1.97863e+014	0.00315646	49.1206
1.97988e+014	0.00289345	49.818
1.98113e+014	0.00261935	50.5235
1.98238e+014	0.00233811	51.2384
1.98363e+014	0.00205323	51.9652
1.98488e+014	0.00176899	52.7088
1.98613e+014	0.00149236	53.4785
1.98737e+014	0.00123572	54.2896
1.98862e+014	0.00102019	55.1637
1.98987e+014	0.000876306	56.1143
1.99112e+014	0.000830281	57.108
1.99237e+014	0.00087467	58.0634
1.99362e+014	0.000967735	58.9315
1.99487e+014	0.00106553	59.7181
1.99612e+014	0.0011382	60.4447
1.99737e+014	0.00116886	61.1278
1.99862e+014	0.00114997	61.7758
('port 4',TE,1,'port 4',1,'transmission')
(101,3)
1.8737e+014	0.000147373	2.59586
1.87495e+014	0.000207696	3.40901
1.8762e+014	0.000243673	3.99776
1.87745e+014	0.000232213	4.54177
1.8787e+014	0.000171511	5.17485
1.87995e+014	0.000100585	6.38282
1.8812e+014	0.000176856	7.93223
1.88245e+014	0.000347242	8.62584
1.8837e+014	0.000530342	9.10335
1.88495e+014	0.000697121	9.51358
1.88619e+014	0.000827622	9.88962
1.88744e+014	0.000908313	10.2408
1.88869e+014	0.000933032	10.5685
1.88994e+014	0.00090359	10.8698
1.89119e+014	0.000829458	11.138
1.89244e+014	0.000726447	11.363
1.89369e+014	0.000614278	11.5319
1.89494e+014	0.000512647	11.6345
1.89619e+014	0.000435211	11.6752
1.89744e+014	0.000383673	11.68
1.89869e+014	0.000349322	11.6763
1.89993e+014	0.000323571	11.6704
1.90118e+014	0.000305544	11.6587
1.90243e+014	0.000297968	11.6592
1.90368e+014	0.00029623	11.7146
1.90493e+014	0.000284582	11.8604
1.90618e+014	0.000243966	12.122
1.90743e+014	0.000164496	12.6017
1.90868e+014	0.000102302	13.9741
1.90993e+014	0.00024289	15.2412
1.91118e+014	0.000476976	15.7752
1.91243e+014	0.000740035	16.1818
1.91368e+014	0.000999868	16.5551
1.91492e+014	0.00122524	16.9157
1.91617e+014	0.00138666	17.2686
1.91742e+014	0.00146	17.6132
1.91867e+014	0.00143021	17.9453
1.91992e+014	0.00129482	18.2543
1.92117e+014	0.00106776	18.5159
1.92242e+014	0.000788281	18.6659
1.92367e+014	0.000555725	18.5395
1.92492e+014	0.000565659	18.1451
1.92617e+014	0.000807132	18.0445
1.92742e+014	0.00108456	18.2096
1.92866e+014	0.00130056	18.4824
1.92991e+014	0.00141334	18.8017
1.93116e+014	0.00140592	19.1434
1.93241e+014	0.00127906	19.495
1.93366e+014	0.00104857	19.8457
1.93491e+014	0.000742861	20.1761
1.93616e+014	0.000402371	20.4102
1.93741e+014	0.000135642	19.7634
1.93866e+014	0.000323668	18.8346
1.93991e+014	0.000565981	19.0612
1.94116e+014	0.000730727	19.4286
1.94241e+014	0.000801675	19.8439
1.94365e+014	0.000780356	20.2925
1.9449e+014	0.000680427	20.7775
1.94615e+014	0.000524481	21.3179
1.9474e+014	0.000341863	21.9751
1.94865e+014	0.000180746	23.0202
1.9499e+014	0.000183039	24.7445
1.95115e+014	0.000333706	25.8029
1.9524e+014	0.000509284	26.5407
1.95365e+014	0.000693792	27.1883
1.9549e+014	0.000884546	27.7857
1.95615e+014	0.0010707	28.3412
1.95739e+014	0.00123141	28.8589
1.95864e+014	0.00134026	29.3433
1.95989e+014	0.00137144	29.7974
1.96114e+014	0.00130559	30.2214
1.96239e+014	0.00113462	30.6086
1.96364e+014	0.000866405	30.9323
1.96489e+014	0.00053778	31.0797
1.96614e+014	0.000322608	30.537
1.96739e+014	0.000567304	29.9841
1.96864e+014	0.000966828	30.109
1.96989e+014	0.00133802	30.3953
1.97114e+014	0.0016242	30.7274
1.97238e+014	0.00179373	31.0752
1.97363e+014	0.00183077	31.4266
1.97488e+014	0.00173478	31.7746
1.97613e+014	0.00151998	32.1115
1.97738e+014	0.00121401	32.4245
1.97863e+014	0.00085667	32.6815
1.97988e+014	0.000505929	32.7723
1.98113e+014	0.000297259	32.3116
1.98238e+014	0.000404999	31.7795
1.98363e+014	0.000588602	31.8342
1.98488e+014	0.000704114	32.0741
1.98613e+014	0.00072477	32.3706
1.98737e+014	0.000652926	32.6844
1.98862e+014	0.000505501	32.9912
1.98987e+014	0.000309792	33.2401
1.99112e+014	0.000113298	33.0532
1.99237e+014	0.000157924	31.6534
1.99362e+014	0.000320375	31.7383
1.99487e+014	0.000435387	32.0517
1.99612e+014	0.00048426	32.4267
1.99737e+014	0.000465432	32.8463
1.99862e+014	0.000389786	33.329
