('port 1',TE,1,'port 1',1,'transmission')
(101,3)
1.8737e+014	0.00141537	0.898069
1.87495e+014	0.0023113	2.01902
1.8762e+014	0.002974	2.92544
1.87745e+014	0.00305409	3.83726
1.8787e+014	0.00264287	4.89368
1.87995e+014	0.00236362	6.21574
1.8812e+014	0.00281345	7.54914
1.88245e+014	0.00347861	8.64607
1.8837e+014	0.00370922	9.63468
1.88495e+014	0.00336929	10.6543
1.88619e+014	0.00281992	11.829
1.88744e+014	0.0027001	13.1504
1.88869e+014	0.00305471	14.3539
1.88994e+014	0.00328395	15.383
1.89119e+014	0.00305915	16.3496
1.89244e+014	0.00248178	17.3657
1.89369e+014	0.00195164	18.5332
1.89494e+014	0.00184799	19.7657
1.89619e+014	0.0020181	20.8058
1.89744e+014	0.00213366	21.6575
1.89869e+014	0.00211511	22.4414
1.89993e+014	0.00202268	23.2796
1.90118e+014	0.00199197	24.2728
1.90243e+014	0.00224231	25.3979
1.90368e+014	0.00283236	26.5041
1.90493e+014	0.0035234	27.5488
1.90618e+014	0.00405877	28.5887
1.90743e+014	0.00438758	29.6801
1.90868e+014	0.0046982	30.8404
1.90993e+014	0.00520677	32.0292
1.91118e+014	0.00587005	33.1955
1.91243e+014	0.00645547	34.3376
1.91368e+014	0.0068342	35.4858
1.91492e+014	0.0070999	36.6618
1.91617e+014	0.00742953	37.8581
1.91742e+014	0.00785341	39.0507
1.91867e+014	0.00823389	40.2304
1.91992e+014	0.00845963	41.4091
1.92117e+014	0.00856748	42.6004
1.92242e+014	0.00866472	43.8039
1.92367e+014	0.00878062	45.0092
1.92492e+014	0.00884904	46.2116
1.92617e+014	0.00882179	47.4162
1.92742e+014	0.0087284	48.6285
1.92866e+014	0.0086104	49.8468
1.92991e+014	0.00845319	51.0679
1.93116e+014	0.00822966	52.2951
1.93241e+014	0.0079764	53.5343
1.93366e+014	0.00775878	54.7827
1.93491e+014	0.00756209	56.031
1.93616e+014	0.0073	57.2802
1.93741e+014	0.00696438	58.5463
1.93866e+014	0.00669369	59.8392
1.93991e+014	0.00660705	61.1411
1.94116e+014	0.00661223	62.4275
1.94241e+014	0.00653355	63.7061
1.94365e+014	0.0063957	65.0071
1.9449e+014	0.00643577	66.3345
1.94615e+014	0.006758	67.647
1.9474e+014	0.00713883	68.9188
1.94865e+014	0.00734351	70.1747
1.9499e+014	0.00745087	71.4505
1.95115e+014	0.00775015	72.7427
1.9524e+014	0.00830755	74.0104
1.95365e+014	0.00883587	75.238
1.9549e+014	0.00908515	76.4534
1.95615e+014	0.00916127	77.6897
1.95739e+014	0.00939509	78.9452
1.95864e+014	0.00988213	80.1835
1.95989e+014	0.0103243	81.3866
1.96114e+014	0.0104302	82.5772
1.96239e+014	0.0102822	83.7883
1.96364e+014	0.0102478	85.0248
1.96489e+014	0.0104995	86.2529
1.96614e+014	0.0107573	87.4468
1.96739e+014	0.0106664	88.6226
1.96864e+014	0.0102437	89.8167
1.96989e+014	0.00987438	91.0445
1.97114e+014	0.00983651	92.2749
1.97238e+014	0.00990518	93.4695
1.97363e+014	0.0096598	94.636
1.97488e+014	0.00901952	95.816
1.97613e+014	0.00835237	97.0412
1.97738e+014	0.00805048	98.2868
1.97863e+014	0.00798377	99.4945
1.97988e+014	0.00767975	100.658
1.98113e+014	0.00694526	101.826
1.98238e+014	0.00609617	103.057
1.98363e+014	0.00562631	104.343
1.98488e+014	0.00552258	105.589
1.98613e+014	0.00526817	106.762
1.98737e+014	0.00457492	107.933
1.98862e+014	0.00372077	109.208
1.98987e+014	0.0033119	110.609
1.99112e+014	0.0033929	111.946
1.99237e+014	0.00332878	113.158
1.99362e+014	0.00283078	114.389
1.99487e+014	0.00232741	115.835
1.99612e+014	0.00253243	117.375
1.99737e+014	0.00309329	118.675
1.99862e+014	0.00330913	119.855
('port 2',TE,1,'port 1',1,'transmission')
(101,3)
1.8737e+014	0.00104306	-0.341017
1.87495e+014	0.0011644	0.869202
1.8762e+014	0.00129556	2.03106
1.87745e+014	0.00137695	3.16324
1.8787e+014	0.00138471	4.30123
1.87995e+014	0.00134169	5.47479
1.8812e+014	0.0013002	6.6913
1.88245e+014	0.00130017	7.9229
1.8837e+014	0.00133331	9.12851
1.88495e+014	0.00135698	10.2929
1.88619e+014	0.00133554	11.4295
1.88744e+014	0.00126277	12.5623
1.88869e+014	0.00116141	13.7133
1.88994e+014	0.00106943	14.8907
1.89119e+014	0.00101675	16.0759
1.89244e+014	0.00100396	17.2318
1.89369e+014	0.00100604	18.3361
1.89494e+014	0.000996608	19.3964
1.89619e+014	0.000964905	20.44
1.89744e+014	0.00091946	21.5013
1.89869e+014	0.000885591	22.6081
1.89993e+014	0.00089515	23.7591
1.90118e+014	0.000962242	24.9168
1.90243e+014	0.00106546	26.0477
1.90368e+014	0.0011631	27.1548
1.90493e+014	0.00122235	28.2647
1.90618e+014	0.00123931	29.4076
1.90743e+014	0.00124366	30.6015
1.90868e+014	0.00127885	31.8339
1.90993e+014	0.00135993	33.0654
1.91118e+014	0.00145473	34.2685
1.91243e+014	0.00151489	35.45
1.91368e+014	0.00151596	36.6364
1.91492e+014	0.00147431	37.854
1.91617e+014	0.00143631	39.1116
1.91742e+014	0.00143982	40.3868
1.91867e+014	0.0014758	41.6441
1.91992e+014	0.00149813	42.8721
1.92117e+014	0.00146878	44.0891
1.92242e+014	0.00138871	45.3258
1.92367e+014	0.00129867	46.6046
1.92492e+014	0.00124803	47.9156
1.92617e+014	0.00124507	49.2159
1.92742e+014	0.00124631	50.477
1.92866e+014	0.00120331	51.7125
1.92991e+014	0.00110597	52.961
1.93116e+014	0.000991085	54.261
1.93241e+014	0.000915041	55.6132
1.93366e+014	0.000894652	56.9586
1.93491e+014	0.000883741	58.2481
1.93616e+014	0.000828442	59.4996
1.93741e+014	0.000718708	60.7741
1.93866e+014	0.000598035	62.1449
1.93991e+014	0.000535409	63.6211
1.94116e+014	0.000542515	65.0672
1.94241e+014	0.000551675	66.4077
1.94365e+014	0.000511156	67.7153
1.9449e+014	0.000433957	69.1126
1.94615e+014	0.000393864	70.6773
1.9474e+014	0.000442397	72.2233
1.94865e+014	0.000517957	73.5913
1.9499e+014	0.000548179	74.8701
1.95115e+014	0.000519376	76.1789
1.9524e+014	0.000478845	77.6087
1.95365e+014	0.000499427	79.1143
1.9549e+014	0.000579879	80.523
1.95615e+014	0.000647633	81.817
1.95739e+014	0.000654476	83.0871
1.95864e+014	0.000613546	84.4287
1.95989e+014	0.000596529	85.8855
1.96114e+014	0.000662684	87.3461
1.96239e+014	0.000770547	88.6947
1.96364e+014	0.000843059	89.9688
1.96489e+014	0.000852166	91.2515
1.96614e+014	0.000837224	92.6045
1.96739e+014	0.000872997	94.0122
1.96864e+014	0.00098096	95.3809
1.96989e+014	0.00110109	96.6713
1.97114e+014	0.00117	97.9234
1.97238e+014	0.00117637	99.191
1.97363e+014	0.00116404	100.507
1.97488e+014	0.00119225	101.854
1.97613e+014	0.00127168	103.18
1.97738e+014	0.00135437	104.458
1.97863e+014	0.00138858	105.71
1.97988e+014	0.00136128	106.972
1.98113e+014	0.00130413	108.271
1.98238e+014	0.00127003	109.609
1.98363e+014	0.00128551	110.949
1.98488e+014	0.0013211	112.254
1.98613e+014	0.00132101	113.525
1.98737e+014	0.00125411	114.798
1.98862e+014	0.00114314	116.119
1.98987e+014	0.00105998	117.514
1.99112e+014	0.00106022	118.928
1.99237e+014	0.00110336	120.284
1.99362e+014	0.00110007	121.589
1.99487e+014	0.00101612	122.918
1.99612e+014	0.000920519	124.357
1.99737e+014	0.000941307	125.879
1.99862e+014	0.0010838	127.315
('port 3',TE,1,'port 1',1,'transmission')
(101,3)
1.8737e+014	0.49319	-2.99089
1.87495e+014	0.485255	-2.35236
1.8762e+014	0.477322	-1.71392
1.87745e+014	0.469396	-1.07557
1.8787e+014	0.461476	-0.437323
1.87995e+014	0.453564	0.200825
1.8812e+014	0.44566	0.838863
1.88245e+014	0.437767	1.47678
1.8837e+014	0.429885	2.11458
1.88495e+014	0.422018	2.75225
1.88619e+014	0.414163	3.38979
1.88744e+014	0.406324	4.02718
1.88869e+014	0.3985	4.66441
1.88994e+014	0.390694	5.30148
1.89119e+014	0.382908	5.93838
1.89244e+014	0.375143	6.5751
1.89369e+014	0.367399	7.21163
1.89494e+014	0.359678	7.84795
1.89619e+014	0.351982	8.48406
1.89744e+014	0.344312	9.11993
1.89869e+014	0.336669	9.75556
1.89993e+014	0.329055	10.3909
1.90118e+014	0.321472	11.026
1.90243e+014	0.313922	11.6608
1.90368e+014	0.306405	12.2952
1.90493e+014	0.298923	12.9294
1.90618e+014	0.291477	13.5631
1.90743e+014	0.284071	14.1965
1.90868e+014	0.276707	14.8294
1.90993e+014	0.269386	15.4619
1.91118e+014	0.262111	16.0939
1.91243e+014	0.254882	16.7254
1.91368e+014	0.247705	17.3563
1.91492e+014	0.240581	17.9866
1.91617e+014	0.233514	18.6162
1.91742e+014	0.226506	19.2452
1.91867e+014	0.219561	19.8733
1.91992e+014	0.212684	20.5006
1.92117e+014	0.205879	21.127
1.92242e+014	0.199151	21.7524
1.92367e+014	0.192505	22.3768
1.92492e+014	0.185946	22.9999
1.92617e+014	0.179481	23.6218
1.92742e+014	0.173119	24.2422
1.92866e+014	0.166867	24.8611
1.92991e+014	0.160734	25.4784
1.93116e+014	0.154731	26.0938
1.93241e+014	0.14887	26.7071
1.93366e+014	0.143164	27.3184
1.93491e+014	0.137628	27.9272
1.93616e+014	0.132279	28.5334
1.93741e+014	0.127135	29.1369
1.93866e+014	0.122216	29.7374
1.93991e+014	0.117546	30.3347
1.94116e+014	0.11315	30.9285
1.94241e+014	0.109056	31.5189
1.94365e+014	0.105293	32.1057
1.9449e+014	0.10189	32.6888
1.94615e+014	0.0988785	33.2684
1.9474e+014	0.0962889	33.8447
1.94865e+014	0.0941481	34.4179
1.9499e+014	0.0924799	34.9887
1.95115e+014	0.0913031	35.5576
1.9524e+014	0.0906302	36.1254
1.95365e+014	0.0904653	36.6928
1.9549e+014	0.0908036	37.2608
1.95615e+014	0.0916318	37.8301
1.95739e+014	0.0929295	38.4014
1.95864e+014	0.0946706	38.9753
1.95989e+014	0.0968243	39.5524
1.96114e+014	0.0993567	40.1328
1.96239e+014	0.102233	40.7169
1.96364e+014	0.105419	41.3045
1.96489e+014	0.108882	41.8958
1.96614e+014	0.112591	42.4906
1.96739e+014	0.116516	43.0888
1.96864e+014	0.12063	43.6901
1.96989e+014	0.12491	44.2944
1.97114e+014	0.129334	44.9015
1.97238e+014	0.133882	45.5111
1.97363e+014	0.138539	46.123
1.97488e+014	0.143288	46.7371
1.97613e+014	0.148117	47.3532
1.97738e+014	0.153014	47.9712
1.97863e+014	0.15797	48.5907
1.97988e+014	0.162975	49.2118
1.98113e+014	0.168019	49.8344
1.98238e+014	0.173096	50.4581
1.98363e+014	0.178201	51.0831
1.98488e+014	0.183326	51.7091
1.98613e+014	0.188468	52.3362
1.98737e+014	0.193622	52.9641
1.98862e+014	0.198784	53.5929
1.98987e+014	0.203951	54.2224
1.99112e+014	0.20912	54.8527
1.99237e+014	0.214286	55.4837
1.99362e+014	0.219449	56.1152
1.99487e+014	0.224605	56.7474
1.99612e+014	0.229753	57.38
1.99737e+014	0.234891	58.0132
1.99862e+014	0.240017	58.6468
('port 4',TE,1,'port 1',1,'transmission')
(101,3)
1.8737e+014	0.863799	2.03855
1.87495e+014	0.868281	2.74385
1.8762e+014	0.872664	3.44916
1.87745e+014	0.87695	4.15447
1.8787e+014	0.88114	4.8598
1.87995e+014	0.885234	5.56514
1.8812e+014	0.889232	6.27049
1.88245e+014	0.893134	6.97584
1.8837e+014	0.896945	7.6812
1.88495e+014	0.900664	8.38658
1.88619e+014	0.904292	9.09196
1.88744e+014	0.907829	9.79735
1.88869e+014	0.911276	10.5028
1.88994e+014	0.914636	11.2082
1.89119e+014	0.917911	11.9136
1.89244e+014	0.921099	12.619
1.89369e+014	0.924203	13.3244
1.89494e+014	0.927223	14.0299
1.89619e+014	0.930161	14.7353
1.89744e+014	0.933016	15.4408
1.89869e+014	0.93579	16.1463
1.89993e+014	0.938484	16.8517
1.90118e+014	0.941101	17.5572
1.90243e+014	0.94364	18.2627
1.90368e+014	0.946101	18.9683
1.90493e+014	0.948483	19.6738
1.90618e+014	0.950786	20.3793
1.90743e+014	0.953015	21.0848
1.90868e+014	0.955172	21.7904
1.90993e+014	0.957255	22.4959
1.91118e+014	0.959262	23.2015
1.91243e+014	0.961194	23.907
1.91368e+014	0.963055	24.6126
1.91492e+014	0.964849	25.3182
1.91617e+014	0.966575	26.0237
1.91742e+014	0.968233	26.7293
1.91867e+014	0.969822	27.4349
1.91992e+014	0.971344	28.1405
1.92117e+014	0.972804	28.8461
1.92242e+014	0.974204	29.5517
1.92367e+014	0.975542	30.2573
1.92492e+014	0.976814	30.9629
1.92617e+014	0.978023	31.6685
1.92742e+014	0.979172	32.3742
1.92866e+014	0.980265	33.0798
1.92991e+014	0.981299	33.7854
1.93116e+014	0.98227	34.4911
1.93241e+014	0.983179	35.1967
1.93366e+014	0.98403	35.9024
1.93491e+014	0.984825	36.6081
1.93616e+014	0.985566	37.3137
1.93741e+014	0.986247	38.0194
1.93866e+014	0.986869	38.7251
1.93991e+014	0.987436	39.4308
1.94116e+014	0.987952	40.1365
1.94241e+014	0.988416	40.8422
1.94365e+014	0.988826	41.548
1.9449e+014	0.989181	42.2537
1.94615e+014	0.989486	42.9594
1.9474e+014	0.989743	43.6651
1.94865e+014	0.989952	44.3709
1.9499e+014	0.990109	45.0766
1.95115e+014	0.990215	45.7824
1.9524e+014	0.990276	46.4882
1.95365e+014	0.990294	47.1939
1.9549e+014	0.990266	47.8997
1.95615e+014	0.990188	48.6055
1.95739e+014	0.990062	49.3113
1.95864e+014	0.989894	50.0171
1.95989e+014	0.989686	50.7229
1.96114e+014	0.989434	51.4287
1.96239e+014	0.989136	52.1345
1.96364e+014	0.988793	52.8403
1.96489e+014	0.988411	53.5461
1.96614e+014	0.987993	54.2519
1.96739e+014	0.987536	54.9577
1.96864e+014	0.987038	55.6636
1.96989e+014	0.986501	56.3694
1.97114e+014	0.98593	57.0753
1.97238e+014	0.985325	57.7811
1.97363e+014	0.984684	58.487
1.97488e+014	0.984006	59.1928
1.97613e+014	0.983293	59.8987
1.97738e+014	0.982549	60.6046
1.97863e+014	0.981773	61.3104
1.97988e+014	0.980962	62.0163
1.98113e+014	0.980115	62.7222
1.98238e+014	0.979234	63.4281
1.98363e+014	0.978322	64.134
1.98488e+014	0.977376	64.84
1.98613e+014	0.976395	65.5459
1.98737e+014	0.975381	66.2518
1.98862e+014	0.974335	66.9578
1.98987e+014	0.973261	67.6637
1.99112e+014	0.972155	68.3697
1.99237e+014	0.971018	69.0757
1.99362e+014	0.969851	69.7816
1.99487e+014	0.968658	70.4876
1.99612e+014	0.96744	71.1936
1.99737e+014	0.966194	71.8996
1.99862e+014	0.964919	72.6056
('port 1',TE,1,'port 2',1,'transmission')
(101,3)
1.8737e+014	0.00102689	-0.629204
1.87495e+014	0.00113288	0.560164
1.8762e+014	0.00124783	1.72905
1.87745e+014	0.00133763	2.87845
1.8787e+014	0.00137613	4.02484
1.87995e+014	0.00136176	5.19043
1.8812e+014	0.00132387	6.39201
1.88245e+014	0.00130715	7.62282
1.8837e+014	0.00133141	8.84646
1.88495e+014	0.00136725	10.0296
1.88619e+014	0.00136445	11.1723
1.88744e+014	0.00129613	12.3003
1.88869e+014	0.00117857	13.4467
1.88994e+014	0.00106265	14.6326
1.89119e+014	0.000997507	15.8378
1.89244e+014	0.000985678	17.0047
1.89369e+014	0.000987095	18.0996
1.89494e+014	0.000965993	19.1369
1.89619e+014	0.000915764	20.155
1.89744e+014	0.000855578	21.1971
1.89869e+014	0.00081974	22.294
1.89993e+014	0.000841444	23.4366
1.90118e+014	0.000926901	24.5794
1.90243e+014	0.00104648	25.6951
1.90368e+014	0.00115773	26.7953
1.90493e+014	0.00123179	27.908
1.90618e+014	0.00126793	29.0588
1.90743e+014	0.00129445	30.2593
1.90868e+014	0.00134901	31.4946
1.90993e+014	0.00144323	32.7301
1.91118e+014	0.00154819	33.943
1.91243e+014	0.00161981	35.1384
1.91368e+014	0.00163362	36.3384
1.91492e+014	0.00160282	37.5666
1.91617e+014	0.0015713	38.8315
1.91742e+014	0.00157778	40.1138
1.91867e+014	0.00161544	41.381
1.91992e+014	0.0016377	42.6216
1.92117e+014	0.00160464	43.8529
1.92242e+014	0.00151842	45.1049
1.92367e+014	0.00142426	46.3981
1.92492e+014	0.00137292	47.7196
1.92617e+014	0.00136696	49.0278
1.92742e+014	0.00135725	50.2999
1.92866e+014	0.00129716	51.5536
1.92991e+014	0.00118474	52.8273
1.93116e+014	0.0010646	54.1537
1.93241e+014	0.000990651	55.523
1.93366e+014	0.000967032	56.8773
1.93491e+014	0.000941668	58.1824
1.93616e+014	0.000867228	59.4651
1.93741e+014	0.00074584	60.7892
1.93866e+014	0.000633449	62.2198
1.93991e+014	0.000596473	63.7256
1.94116e+014	0.000620905	65.1661
1.94241e+014	0.000629415	66.5152
1.94365e+014	0.000583649	67.8643
1.9449e+014	0.000520636	69.3216
1.94615e+014	0.000524634	70.8764
1.9474e+014	0.000607314	72.3373
1.94865e+014	0.000684969	73.662
1.9499e+014	0.000697683	74.9477
1.95115e+014	0.000656131	76.2939
1.9524e+014	0.000633019	77.7458
1.95365e+014	0.000687113	79.2038
1.9549e+014	0.000776441	80.5591
1.95615e+014	0.000824311	81.845
1.95739e+014	0.000805783	83.1454
1.95864e+014	0.000765367	84.5277
1.95989e+014	0.000780723	85.9744
1.96114e+014	0.000868123	87.3763
1.96239e+014	0.000962614	88.6939
1.96364e+014	0.00100645	89.9768
1.96489e+014	0.000999224	91.2854
1.96614e+014	0.00099257	92.6486
1.96739e+014	0.00104069	94.0314
1.96864e+014	0.00113743	95.3707
1.96989e+014	0.00122665	96.654
1.97114e+014	0.00126302	97.9137
1.97238e+014	0.00124555	99.1903
1.97363e+014	0.00121606	100.507
1.97488e+014	0.00122506	101.849
1.97613e+014	0.00127882	103.168
1.97738e+014	0.00133018	104.441
1.97863e+014	0.00132732	105.686
1.97988e+014	0.00125842	106.944
1.98113e+014	0.00116412	108.252
1.98238e+014	0.00111048	109.608
1.98363e+014	0.00112003	110.953
1.98488e+014	0.00113932	112.24
1.98613e+014	0.00110113	113.49
1.98737e+014	0.000989638	114.76
1.98862e+014	0.000858772	116.118
1.98987e+014	0.000798128	117.564
1.99112e+014	0.0008252	118.978
1.99237e+014	0.00085339	120.298
1.99362e+014	0.000810471	121.587
1.99487e+014	0.000710934	122.958
1.99612e+014	0.000658932	124.48
1.99737e+014	0.000739166	126.002
1.99862e+014	0.000877901	127.372
('port 2',TE,1,'port 2',1,'transmission')
(101,3)
1.8737e+014	0.000461371	-1.04618
1.87495e+014	0.000377316	-0.714485
1.8762e+014	0.00025641	-0.447831
1.87745e+014	0.000150873	-0.369072
1.8787e+014	9.27053e-005	-0.471778
1.87995e+014	4.79823e-005	-0.347756
1.8812e+014	2.91758e-005	2.29091
1.88245e+014	0.000123705	2.89624
1.8837e+014	0.00022588	3.21915
1.88495e+014	0.000320461	3.50389
1.88619e+014	0.000397683	3.77006
1.88744e+014	0.000447788	4.01427
1.88869e+014	0.000469435	4.21178
1.88994e+014	0.000484379	4.34257
1.89119e+014	0.000525198	4.45146
1.89244e+014	0.00058729	4.62446
1.89369e+014	0.000623777	4.87697
1.89494e+014	0.000595989	5.15599
1.89619e+014	0.000511079	5.38068
1.89744e+014	0.000428278	5.47767
1.89869e+014	0.000405781	5.52861
1.89993e+014	0.000407648	5.72962
1.90118e+014	0.000361079	6.10126
1.90243e+014	0.00024939	6.60868
1.90368e+014	0.000116562	7.38949
1.90493e+014	7.3605e-005	9.04482
1.90618e+014	0.000114072	9.72187
1.90743e+014	0.000177418	9.6759
1.90868e+014	0.000319306	9.74796
1.90993e+014	0.000492932	10.0168
1.91118e+014	0.000630168	10.3246
1.91243e+014	0.000705152	10.5807
1.91368e+014	0.000753808	10.7462
1.91492e+014	0.000838072	10.8647
1.91617e+014	0.000961708	11.0197
1.91742e+014	0.00106832	11.2227
1.91867e+014	0.00111955	11.4296
1.91992e+014	0.00113343	11.6028
1.92117e+014	0.00115598	11.7461
1.92242e+014	0.00119941	11.8971
1.92367e+014	0.00122953	12.0728
1.92492e+014	0.00121864	12.2528
1.92617e+014	0.00118068	12.4116
1.92742e+014	0.00114868	12.5512
1.92866e+014	0.00112744	12.6974
1.92991e+014	0.00109037	12.8595
1.93116e+014	0.0010236	13.0166
1.93241e+014	0.000948723	13.1464
1.93366e+014	0.000893411	13.2604
1.93491e+014	0.000850155	13.3908
1.93616e+014	0.000789778	13.5383
1.93741e+014	0.000709226	13.6653
1.93866e+014	0.000641641	13.7463
1.93991e+014	0.000610902	13.8219
1.94116e+014	0.000592707	13.947
1.94241e+014	0.000553502	14.1023
1.94365e+014	0.000500337	14.2253
1.9449e+014	0.000472714	14.3026
1.94615e+014	0.000484349	14.419
1.9474e+014	0.000500879	14.6257
1.94865e+014	0.000493387	14.8742
1.9499e+014	0.000472478	15.0936
1.95115e+014	0.000475458	15.2691
1.9524e+014	0.000520688	15.4701
1.95365e+014	0.000583193	15.7385
1.9549e+014	0.000630263	16.0337
1.95615e+014	0.000657626	16.2946
1.95739e+014	0.000694966	16.4964
1.95864e+014	0.000772235	16.6805
1.95989e+014	0.000874913	16.8971
1.96114e+014	0.000959796	17.1379
1.96239e+014	0.00100724	17.3608
1.96364e+014	0.00104384	17.5397
1.96489e+014	0.00110969	17.6965
1.96614e+014	0.00119907	17.8751
1.96739e+014	0.00126358	18.0808
1.96864e+014	0.00127507	18.28
1.96989e+014	0.00126111	18.4427
1.97114e+014	0.001272	18.5805
1.97238e+014	0.00130893	18.7376
1.97363e+014	0.00131838	18.9272
1.97488e+014	0.00126502	19.1169
1.97613e+014	0.00117829	19.2664
1.97738e+014	0.00112012	19.3789
1.97863e+014	0.00109964	19.5097
1.97988e+014	0.00105778	19.6857
1.98113e+014	0.000952811	19.8679
1.98238e+014	0.000816202	19.9918
1.98363e+014	0.000720688	20.0451
1.98488e+014	0.000678728	20.1201
1.98613e+014	0.000621099	20.2696
1.98737e+014	0.000507033	20.4175
1.98862e+014	0.000382954	20.4195
1.98987e+014	0.000336777	20.2717
1.99112e+014	0.000343871	20.2652
1.99237e+014	0.000310703	20.3884
1.99362e+014	0.000236124	20.387
1.99487e+014	0.000214833	20.1174
1.99612e+014	0.000262925	20.0884
1.99737e+014	0.000276171	20.34
1.99862e+014	0.000220859	20.6282
('port 3',TE,1,'port 2',1,'transmission')
(101,3)
1.8737e+014	0.864488	-1.22432
1.87495e+014	0.868972	-0.519091
1.8762e+014	0.873358	0.186142
1.87745e+014	0.877648	0.891384
1.8787e+014	0.881844	1.59664
1.87995e+014	0.885942	2.3019
1.8812e+014	0.889943	3.00717
1.88245e+014	0.893851	3.71245
1.8837e+014	0.897668	4.41773
1.88495e+014	0.901392	5.12303
1.88619e+014	0.905022	5.82834
1.88744e+014	0.908562	6.53365
1.88869e+014	0.912016	7.23897
1.88994e+014	0.915384	7.9443
1.89119e+014	0.918663	8.64964
1.89244e+014	0.921854	9.35498
1.89369e+014	0.924963	10.0603
1.89494e+014	0.927991	10.7657
1.89619e+014	0.930935	11.4711
1.89744e+014	0.933795	12.1765
1.89869e+014	0.936573	12.8818
1.89993e+014	0.939273	13.5872
1.90118e+014	0.941894	14.2926
1.90243e+014	0.944433	14.9981
1.90368e+014	0.946891	15.7035
1.90493e+014	0.949273	16.4089
1.90618e+014	0.951579	17.1144
1.90743e+014	0.953807	17.8198
1.90868e+014	0.955957	18.5253
1.90993e+014	0.958033	19.2307
1.91118e+014	0.960038	19.9362
1.91243e+014	0.961972	20.6417
1.91368e+014	0.963833	21.3472
1.91492e+014	0.965623	22.0527
1.91617e+014	0.967347	22.7582
1.91742e+014	0.969004	23.4637
1.91867e+014	0.970595	24.1692
1.91992e+014	0.972119	24.8747
1.92117e+014	0.97358	25.5802
1.92242e+014	0.974979	26.2857
1.92367e+014	0.976316	26.9912
1.92492e+014	0.977589	27.6968
1.92617e+014	0.9788	28.4023
1.92742e+014	0.979953	29.1079
1.92866e+014	0.981046	29.8134
1.92991e+014	0.982078	30.519
1.93116e+014	0.98305	31.2246
1.93241e+014	0.983963	31.9301
1.93366e+014	0.984821	32.6357
1.93491e+014	0.98562	33.3413
1.93616e+014	0.986359	34.0469
1.93741e+014	0.987042	34.7525
1.93866e+014	0.987669	35.4581
1.93991e+014	0.988242	36.1637
1.94116e+014	0.988758	36.8693
1.94241e+014	0.989218	37.575
1.94365e+014	0.989625	38.2806
1.9449e+014	0.989982	38.9862
1.94615e+014	0.990287	39.6919
1.9474e+014	0.990538	40.3975
1.94865e+014	0.990739	41.1032
1.9499e+014	0.990894	41.8089
1.95115e+014	0.991001	42.5146
1.9524e+014	0.991058	43.2202
1.95365e+014	0.991068	43.9259
1.9549e+014	0.991033	44.6316
1.95615e+014	0.990954	45.3373
1.95739e+014	0.99083	46.043
1.95864e+014	0.990659	46.7488
1.95989e+014	0.990444	47.4545
1.96114e+014	0.990188	48.1602
1.96239e+014	0.989892	48.8659
1.96364e+014	0.989553	49.5717
1.96489e+014	0.989171	50.2774
1.96614e+014	0.98875	50.9831
1.96739e+014	0.988292	51.6889
1.96864e+014	0.987798	52.3946
1.96989e+014	0.987266	53.1004
1.97114e+014	0.986698	53.8062
1.97238e+014	0.986095	54.5119
1.97363e+014	0.985458	55.2177
1.97488e+014	0.984783	55.9235
1.97613e+014	0.984073	56.6293
1.97738e+014	0.983331	57.3351
1.97863e+014	0.982555	58.0409
1.97988e+014	0.981745	58.7467
1.98113e+014	0.980899	59.4525
1.98238e+014	0.98002	60.1583
1.98363e+014	0.979108	60.8641
1.98488e+014	0.978162	61.57
1.98613e+014	0.977182	62.2758
1.98737e+014	0.976169	62.9817
1.98862e+014	0.975125	63.6875
1.98987e+014	0.97405	64.3934
1.99112e+014	0.972944	65.0993
1.99237e+014	0.971806	65.8052
1.99362e+014	0.97064	66.5111
1.99487e+014	0.969447	67.217
1.99612e+014	0.968225	67.9229
1.99737e+014	0.966975	68.6288
1.99862e+014	0.965697	69.3347
('port 4',TE,1,'port 2',1,'transmission')
(101,3)
1.8737e+014	0.492467	0.663078
1.87495e+014	0.484523	1.43518
1.8762e+014	0.476588	2.20739
1.87745e+014	0.468666	2.97971
1.8787e+014	0.460756	3.75216
1.87995e+014	0.452858	4.52473
1.8812e+014	0.444973	5.29742
1.88245e+014	0.437102	6.07025
1.8837e+014	0.429248	6.84321
1.88495e+014	0.42141	7.61632
1.88619e+014	0.413588	8.38958
1.88744e+014	0.405786	9.16298
1.88869e+014	0.398004	9.93655
1.88994e+014	0.390244	10.7103
1.89119e+014	0.382506	11.4842
1.89244e+014	0.374789	12.2583
1.89369e+014	0.367096	13.0326
1.89494e+014	0.359428	13.8071
1.89619e+014	0.351785	14.5819
1.89744e+014	0.344165	15.3568
1.89869e+014	0.336571	16.132
1.89993e+014	0.329005	16.9075
1.90118e+014	0.321466	17.6833
1.90243e+014	0.313956	18.4593
1.90368e+014	0.306476	19.2357
1.90493e+014	0.299029	20.0124
1.90618e+014	0.291617	20.7895
1.90743e+014	0.28424	21.567
1.90868e+014	0.276901	22.3449
1.90993e+014	0.2696	23.1232
1.91118e+014	0.26234	23.902
1.91243e+014	0.25512	24.6813
1.91368e+014	0.247942	25.4612
1.91492e+014	0.240805	26.2416
1.91617e+014	0.233712	27.0227
1.91742e+014	0.226665	27.8045
1.91867e+014	0.219666	28.587
1.91992e+014	0.212719	29.3705
1.92117e+014	0.20583	30.1549
1.92242e+014	0.199008	30.9403
1.92367e+014	0.19226	31.727
1.92492e+014	0.185596	32.5149
1.92617e+014	0.17903	33.3043
1.92742e+014	0.172573	34.0953
1.92866e+014	0.166239	34.8879
1.92991e+014	0.160042	35.6824
1.93116e+014	0.153997	36.4789
1.93241e+014	0.148118	37.2774
1.93366e+014	0.142421	38.0783
1.93491e+014	0.136919	38.8816
1.93616e+014	0.131627	39.6876
1.93741e+014	0.126563	40.4962
1.93866e+014	0.121742	41.3078
1.93991e+014	0.117183	42.1225
1.94116e+014	0.112906	42.9404
1.94241e+014	0.108934	43.7617
1.94365e+014	0.10529	44.5863
1.9449e+014	0.101999	45.4143
1.94615e+014	0.0990886	46.2457
1.9474e+014	0.0965839	47.0801
1.94865e+014	0.0945099	47.9174
1.9499e+014	0.0928884	48.757
1.95115e+014	0.0917364	49.5984
1.9524e+014	0.0910651	50.4409
1.95365e+014	0.0908789	51.2837
1.9549e+014	0.0911752	52.1262
1.95615e+014	0.0919442	52.9675
1.95739e+014	0.0931688	53.807
1.95864e+014	0.0948267	54.6441
1.95989e+014	0.096892	55.4784
1.96114e+014	0.0993356	56.3095
1.96239e+014	0.102127	57.1371
1.96364e+014	0.105234	57.9613
1.96489e+014	0.108626	58.782
1.96614e+014	0.112273	59.5992
1.96739e+014	0.116148	60.4132
1.96864e+014	0.120223	61.2239
1.96989e+014	0.124474	62.0317
1.97114e+014	0.128878	62.8367
1.97238e+014	0.133416	63.6391
1.97363e+014	0.138068	64.4392
1.97488e+014	0.142819	65.237
1.97613e+014	0.147655	66.0328
1.97738e+014	0.152563	66.8268
1.97863e+014	0.157534	67.6192
1.97988e+014	0.162557	68.4099
1.98113e+014	0.167625	69.1993
1.98238e+014	0.17273	69.9874
1.98363e+014	0.177866	70.7743
1.98488e+014	0.183025	71.5601
1.98613e+014	0.188202	72.3449
1.98737e+014	0.19339	73.1287
1.98862e+014	0.198583	73.9117
1.98987e+014	0.203777	74.6939
1.99112e+014	0.208966	75.4753
1.99237e+014	0.214145	76.2561
1.99362e+014	0.219311	77.0363
1.99487e+014	0.224463	77.8159
1.99612e+014	0.229597	78.595
1.99737e+014	0.234713	79.3737
1.99862e+014	0.239811	80.152
('port 1',TE,1,'port 3',1,'transmission')
(101,3)
1.8737e+014	0.49319	-2.99089
1.87495e+014	0.485255	-2.35236
1.8762e+014	0.477322	-1.71392
1.87745e+014	0.469396	-1.07557
1.8787e+014	0.461476	-0.437323
1.87995e+014	0.453564	0.200825
1.8812e+014	0.44566	0.838863
1.88245e+014	0.437767	1.47678
1.8837e+014	0.429885	2.11458
1.88495e+014	0.422018	2.75225
1.88619e+014	0.414163	3.38979
1.88744e+014	0.406324	4.02718
1.88869e+014	0.3985	4.66441
1.88994e+014	0.390694	5.30148
1.89119e+014	0.382908	5.93838
1.89244e+014	0.375143	6.5751
1.89369e+014	0.367399	7.21163
1.89494e+014	0.359678	7.84795
1.89619e+014	0.351982	8.48406
1.89744e+014	0.344312	9.11993
1.89869e+014	0.336669	9.75556
1.89993e+014	0.329055	10.3909
1.90118e+014	0.321472	11.026
1.90243e+014	0.313922	11.6608
1.90368e+014	0.306405	12.2952
1.90493e+014	0.298923	12.9294
1.90618e+014	0.291477	13.5631
1.90743e+014	0.284071	14.1965
1.90868e+014	0.276707	14.8294
1.90993e+014	0.269386	15.4619
1.91118e+014	0.262111	16.0939
1.91243e+014	0.254882	16.7254
1.91368e+014	0.247705	17.3563
1.91492e+014	0.240581	17.9866
1.91617e+014	0.233514	18.6162
1.91742e+014	0.226506	19.2452
1.91867e+014	0.219561	19.8733
1.91992e+014	0.212684	20.5006
1.92117e+014	0.205879	21.127
1.92242e+014	0.199151	21.7524
1.92367e+014	0.192505	22.3768
1.92492e+014	0.185946	22.9999
1.92617e+014	0.179481	23.6218
1.92742e+014	0.173119	24.2422
1.92866e+014	0.166867	24.8611
1.92991e+014	0.160734	25.4784
1.93116e+014	0.154731	26.0938
1.93241e+014	0.14887	26.7071
1.93366e+014	0.143164	27.3184
1.93491e+014	0.137628	27.9272
1.93616e+014	0.132279	28.5334
1.93741e+014	0.127135	29.1369
1.93866e+014	0.122216	29.7374
1.93991e+014	0.117546	30.3347
1.94116e+014	0.11315	30.9285
1.94241e+014	0.109056	31.5189
1.94365e+014	0.105293	32.1057
1.9449e+014	0.10189	32.6888
1.94615e+014	0.0988785	33.2684
1.9474e+014	0.0962889	33.8447
1.94865e+014	0.0941481	34.4179
1.9499e+014	0.0924799	34.9887
1.95115e+014	0.0913031	35.5576
1.9524e+014	0.0906302	36.1254
1.95365e+014	0.0904653	36.6928
1.9549e+014	0.0908036	37.2608
1.95615e+014	0.0916318	37.8301
1.95739e+014	0.0929295	38.4014
1.95864e+014	0.0946706	38.9753
1.95989e+014	0.0968243	39.5524
1.96114e+014	0.0993567	40.1328
1.96239e+014	0.102233	40.7169
1.96364e+014	0.105419	41.3045
1.96489e+014	0.108882	41.8958
1.96614e+014	0.112591	42.4906
1.96739e+014	0.116516	43.0888
1.96864e+014	0.12063	43.6901
1.96989e+014	0.12491	44.2944
1.97114e+014	0.129334	44.9015
1.97238e+014	0.133882	45.5111
1.97363e+014	0.138539	46.123
1.97488e+014	0.143288	46.7371
1.97613e+014	0.148117	47.3532
1.97738e+014	0.153014	47.9712
1.97863e+014	0.15797	48.5907
1.97988e+014	0.162975	49.2118
1.98113e+014	0.168019	49.8344
1.98238e+014	0.173096	50.4581
1.98363e+014	0.178201	51.0831
1.98488e+014	0.183326	51.7091
1.98613e+014	0.188468	52.3362
1.98737e+014	0.193622	52.9641
1.98862e+014	0.198784	53.5929
1.98987e+014	0.203951	54.2224
1.99112e+014	0.20912	54.8527
1.99237e+014	0.214286	55.4837
1.99362e+014	0.219449	56.1152
1.99487e+014	0.224605	56.7474
1.99612e+014	0.229753	57.38
1.99737e+014	0.234891	58.0132
1.99862e+014	0.240017	58.6468
('port 2',TE,1,'port 3',1,'transmission')
(101,3)
1.8737e+014	0.863799	-1.10304
1.87495e+014	0.868281	-0.397743
1.8762e+014	0.872664	0.307565
1.87745e+014	0.87695	1.01288
1.8787e+014	0.88114	1.71821
1.87995e+014	0.885234	2.42355
1.8812e+014	0.889232	3.12889
1.88245e+014	0.893134	3.83425
1.8837e+014	0.896945	4.53961
1.88495e+014	0.900664	5.24498
1.88619e+014	0.904292	5.95037
1.88744e+014	0.907829	6.65576
1.88869e+014	0.911276	7.36116
1.88994e+014	0.914636	8.06656
1.89119e+014	0.917911	8.77198
1.89244e+014	0.921099	9.47741
1.89369e+014	0.924203	10.1828
1.89494e+014	0.927223	10.8883
1.89619e+014	0.930161	11.5937
1.89744e+014	0.933016	12.2992
1.89869e+014	0.93579	13.0047
1.89993e+014	0.938484	13.7102
1.90118e+014	0.941101	14.4156
1.90243e+014	0.94364	15.1211
1.90368e+014	0.946101	15.8267
1.90493e+014	0.948483	16.5322
1.90618e+014	0.950786	17.2377
1.90743e+014	0.953015	17.9432
1.90868e+014	0.955172	18.6488
1.90993e+014	0.957255	19.3543
1.91118e+014	0.959262	20.0599
1.91243e+014	0.961194	20.7654
1.91368e+014	0.963055	21.471
1.91492e+014	0.964849	22.1766
1.91617e+014	0.966575	22.8821
1.91742e+014	0.968233	23.5877
1.91867e+014	0.969822	24.2933
1.91992e+014	0.971344	24.9989
1.92117e+014	0.972804	25.7045
1.92242e+014	0.974204	26.4101
1.92367e+014	0.975542	27.1157
1.92492e+014	0.976814	27.8213
1.92617e+014	0.978023	28.5269
1.92742e+014	0.979172	29.2326
1.92866e+014	0.980265	29.9382
1.92991e+014	0.981299	30.6438
1.93116e+014	0.98227	31.3495
1.93241e+014	0.983179	32.0551
1.93366e+014	0.98403	32.7608
1.93491e+014	0.984825	33.4665
1.93616e+014	0.985566	34.1722
1.93741e+014	0.986247	34.8778
1.93866e+014	0.986869	35.5835
1.93991e+014	0.987436	36.2892
1.94116e+014	0.987952	36.9949
1.94241e+014	0.988416	37.7006
1.94365e+014	0.988826	38.4064
1.9449e+014	0.989181	39.1121
1.94615e+014	0.989486	39.8178
1.9474e+014	0.989743	40.5236
1.94865e+014	0.989952	41.2293
1.9499e+014	0.990109	41.935
1.95115e+014	0.990215	42.6408
1.9524e+014	0.990276	43.3466
1.95365e+014	0.990294	44.0523
1.9549e+014	0.990266	44.7581
1.95615e+014	0.990188	45.4639
1.95739e+014	0.990062	46.1697
1.95864e+014	0.989894	46.8755
1.95989e+014	0.989686	47.5813
1.96114e+014	0.989434	48.2871
1.96239e+014	0.989136	48.9929
1.96364e+014	0.988793	49.6987
1.96489e+014	0.988411	50.4045
1.96614e+014	0.987993	51.1103
1.96739e+014	0.987536	51.8162
1.96864e+014	0.987038	52.522
1.96989e+014	0.986501	53.2278
1.97114e+014	0.98593	53.9337
1.97238e+014	0.985325	54.6395
1.97363e+014	0.984684	55.3454
1.97488e+014	0.984006	56.0512
1.97613e+014	0.983293	56.7571
1.97738e+014	0.982549	57.463
1.97863e+014	0.981773	58.1688
1.97988e+014	0.980962	58.8747
1.98113e+014	0.980115	59.5806
1.98238e+014	0.979234	60.2865
1.98363e+014	0.978322	60.9925
1.98488e+014	0.977376	61.6984
1.98613e+014	0.976395	62.4043
1.98737e+014	0.975381	63.1102
1.98862e+014	0.974335	63.8162
1.98987e+014	0.973261	64.5221
1.99112e+014	0.972155	65.2281
1.99237e+014	0.971018	65.9341
1.99362e+014	0.969851	66.6401
1.99487e+014	0.968658	67.346
1.99612e+014	0.96744	68.052
1.99737e+014	0.966194	68.758
1.99862e+014	0.964919	69.464
('port 3',TE,1,'port 3',1,'transmission')
(101,3)
1.8737e+014	0.00141537	0.898069
1.87495e+014	0.0023113	2.01902
1.8762e+014	0.002974	2.92544
1.87745e+014	0.00305409	3.83726
1.8787e+014	0.00264287	4.89368
1.87995e+014	0.00236362	6.21574
1.8812e+014	0.00281345	7.54914
1.88245e+014	0.00347861	8.64607
1.8837e+014	0.00370922	9.63468
1.88495e+014	0.00336929	10.6543
1.88619e+014	0.00281992	11.829
1.88744e+014	0.0027001	13.1504
1.88869e+014	0.00305471	14.3539
1.88994e+014	0.00328395	15.383
1.89119e+014	0.00305915	16.3496
1.89244e+014	0.00248178	17.3657
1.89369e+014	0.00195164	18.5332
1.89494e+014	0.00184799	19.7657
1.89619e+014	0.0020181	20.8058
1.89744e+014	0.00213366	21.6575
1.89869e+014	0.00211511	22.4414
1.89993e+014	0.00202268	23.2796
1.90118e+014	0.00199197	24.2728
1.90243e+014	0.00224231	25.3979
1.90368e+014	0.00283236	26.5041
1.90493e+014	0.0035234	27.5488
1.90618e+014	0.00405877	28.5887
1.90743e+014	0.00438758	29.6801
1.90868e+014	0.0046982	30.8404
1.90993e+014	0.00520677	32.0292
1.91118e+014	0.00587005	33.1955
1.91243e+014	0.00645547	34.3376
1.91368e+014	0.0068342	35.4858
1.91492e+014	0.0070999	36.6618
1.91617e+014	0.00742953	37.8581
1.91742e+014	0.00785341	39.0507
1.91867e+014	0.00823389	40.2304
1.91992e+014	0.00845963	41.4091
1.92117e+014	0.00856748	42.6004
1.92242e+014	0.00866472	43.8039
1.92367e+014	0.00878062	45.0092
1.92492e+014	0.00884904	46.2116
1.92617e+014	0.00882179	47.4162
1.92742e+014	0.0087284	48.6285
1.92866e+014	0.0086104	49.8468
1.92991e+014	0.00845319	51.0679
1.93116e+014	0.00822966	52.2951
1.93241e+014	0.0079764	53.5343
1.93366e+014	0.00775878	54.7827
1.93491e+014	0.00756209	56.031
1.93616e+014	0.0073	57.2802
1.93741e+014	0.00696438	58.5463
1.93866e+014	0.00669369	59.8392
1.93991e+014	0.00660705	61.1411
1.94116e+014	0.00661223	62.4275
1.94241e+014	0.00653355	63.7061
1.94365e+014	0.0063957	65.0071
1.9449e+014	0.00643577	66.3345
1.94615e+014	0.006758	67.647
1.9474e+014	0.00713883	68.9188
1.94865e+014	0.00734351	70.1747
1.9499e+014	0.00745087	71.4505
1.95115e+014	0.00775015	72.7427
1.9524e+014	0.00830755	74.0104
1.95365e+014	0.00883587	75.238
1.9549e+014	0.00908515	76.4534
1.95615e+014	0.00916127	77.6897
1.95739e+014	0.00939509	78.9452
1.95864e+014	0.00988213	80.1835
1.95989e+014	0.0103243	81.3866
1.96114e+014	0.0104302	82.5772
1.96239e+014	0.0102822	83.7883
1.96364e+014	0.0102478	85.0248
1.96489e+014	0.0104995	86.2529
1.96614e+014	0.0107573	87.4468
1.96739e+014	0.0106664	88.6226
1.96864e+014	0.0102437	89.8167
1.96989e+014	0.00987438	91.0445
1.97114e+014	0.00983651	92.2749
1.97238e+014	0.00990518	93.4695
1.97363e+014	0.0096598	94.636
1.97488e+014	0.00901952	95.816
1.97613e+014	0.00835237	97.0412
1.97738e+014	0.00805048	98.2868
1.97863e+014	0.00798377	99.4945
1.97988e+014	0.00767975	100.658
1.98113e+014	0.00694526	101.826
1.98238e+014	0.00609617	103.057
1.98363e+014	0.00562631	104.343
1.98488e+014	0.00552258	105.589
1.98613e+014	0.00526817	106.762
1.98737e+014	0.00457492	107.933
1.98862e+014	0.00372077	109.208
1.98987e+014	0.0033119	110.609
1.99112e+014	0.0033929	111.946
1.99237e+014	0.00332878	113.158
1.99362e+014	0.00283078	114.389
1.99487e+014	0.00232741	115.835
1.99612e+014	0.00253243	117.375
1.99737e+014	0.00309329	118.675
1.99862e+014	0.00330913	119.855
('port 4',TE,1,'port 3',1,'transmission')
(101,3)
1.8737e+014	0.00104306	2.80058
1.87495e+014	0.0011644	4.01079
1.8762e+014	0.00129556	5.17265
1.87745e+014	0.00137695	6.30483
1.8787e+014	0.00138471	7.44282
1.87995e+014	0.00134169	8.61639
1.8812e+014	0.0013002	9.83289
1.88245e+014	0.00130017	11.0645
1.8837e+014	0.00133331	12.2701
1.88495e+014	0.00135698	13.4345
1.88619e+014	0.00133554	14.5711
1.88744e+014	0.00126277	15.7039
1.88869e+014	0.00116141	16.8549
1.88994e+014	0.00106943	18.0323
1.89119e+014	0.00101675	19.2175
1.89244e+014	0.00100396	20.3734
1.89369e+014	0.00100604	21.4777
1.89494e+014	0.000996608	22.538
1.89619e+014	0.000964905	23.5816
1.89744e+014	0.00091946	24.6429
1.89869e+014	0.000885591	25.7497
1.89993e+014	0.00089515	26.9007
1.90118e+014	0.000962242	28.0584
1.90243e+014	0.00106546	29.1893
1.90368e+014	0.0011631	30.2964
1.90493e+014	0.00122235	31.4063
1.90618e+014	0.00123931	32.5492
1.90743e+014	0.00124366	33.7431
1.90868e+014	0.00127885	34.9755
1.90993e+014	0.00135993	36.207
1.91118e+014	0.00145473	37.4101
1.91243e+014	0.00151489	38.5916
1.91368e+014	0.00151596	39.778
1.91492e+014	0.00147431	40.9956
1.91617e+014	0.00143631	42.2532
1.91742e+014	0.00143982	43.5284
1.91867e+014	0.0014758	44.7857
1.91992e+014	0.00149813	46.0137
1.92117e+014	0.00146878	47.2307
1.92242e+014	0.00138871	48.4674
1.92367e+014	0.00129867	49.7462
1.92492e+014	0.00124803	51.0572
1.92617e+014	0.00124507	52.3575
1.92742e+014	0.00124631	53.6186
1.92866e+014	0.00120331	54.8541
1.92991e+014	0.00110597	56.1026
1.93116e+014	0.000991085	57.4026
1.93241e+014	0.000915041	58.7547
1.93366e+014	0.000894652	60.1002
1.93491e+014	0.000883741	61.3897
1.93616e+014	0.000828442	62.6412
1.93741e+014	0.000718708	63.9157
1.93866e+014	0.000598035	65.2865
1.93991e+014	0.000535409	66.7627
1.94116e+014	0.000542515	68.2088
1.94241e+014	0.000551675	69.5493
1.94365e+014	0.000511156	70.8568
1.9449e+014	0.000433957	72.2542
1.94615e+014	0.000393864	73.8189
1.9474e+014	0.000442397	75.3649
1.94865e+014	0.000517957	76.7329
1.9499e+014	0.000548179	78.0117
1.95115e+014	0.000519376	79.3205
1.9524e+014	0.000478845	80.7503
1.95365e+014	0.000499427	82.2559
1.9549e+014	0.000579879	83.6646
1.95615e+014	0.000647633	84.9585
1.95739e+014	0.000654476	86.2287
1.95864e+014	0.000613546	87.5703
1.95989e+014	0.000596529	89.0271
1.96114e+014	0.000662684	90.4877
1.96239e+014	0.000770547	91.8363
1.96364e+014	0.000843059	93.1104
1.96489e+014	0.000852166	94.3931
1.96614e+014	0.000837224	95.746
1.96739e+014	0.000872997	97.1538
1.96864e+014	0.00098096	98.5224
1.96989e+014	0.00110109	99.8129
1.97114e+014	0.00117	101.065
1.97238e+014	0.00117637	102.333
1.97363e+014	0.00116404	103.648
1.97488e+014	0.00119225	104.996
1.97613e+014	0.00127168	106.321
1.97738e+014	0.00135437	107.6
1.97863e+014	0.00138858	108.852
1.97988e+014	0.00136128	110.113
1.98113e+014	0.00130413	111.413
1.98238e+014	0.00127003	112.751
1.98363e+014	0.00128551	114.091
1.98488e+014	0.0013211	115.396
1.98613e+014	0.00132101	116.667
1.98737e+014	0.00125411	117.94
1.98862e+014	0.00114314	119.261
1.98987e+014	0.00105998	120.656
1.99112e+014	0.00106022	122.07
1.99237e+014	0.00110336	123.426
1.99362e+014	0.00110007	124.73
1.99487e+014	0.00101612	126.06
1.99612e+014	0.000920519	127.499
1.99737e+014	0.000941307	129.02
1.99862e+014	0.0010838	130.457
('port 1',TE,1,'port 4',1,'transmission')
(101,3)
1.8737e+014	0.864488	1.91728
1.87495e+014	0.868972	2.6225
1.8762e+014	0.873358	3.32774
1.87745e+014	0.877648	4.03298
1.8787e+014	0.881844	4.73823
1.87995e+014	0.885942	5.44349
1.8812e+014	0.889943	6.14876
1.88245e+014	0.893851	6.85404
1.8837e+014	0.897668	7.55933
1.88495e+014	0.901392	8.26463
1.88619e+014	0.905022	8.96993
1.88744e+014	0.908562	9.67524
1.88869e+014	0.912016	10.3806
1.88994e+014	0.915384	11.0859
1.89119e+014	0.918663	11.7912
1.89244e+014	0.921854	12.4966
1.89369e+014	0.924963	13.2019
1.89494e+014	0.927991	13.9073
1.89619e+014	0.930935	14.6127
1.89744e+014	0.933795	15.318
1.89869e+014	0.936573	16.0234
1.89993e+014	0.939273	16.7288
1.90118e+014	0.941894	17.4342
1.90243e+014	0.944433	18.1397
1.90368e+014	0.946891	18.8451
1.90493e+014	0.949273	19.5505
1.90618e+014	0.951579	20.256
1.90743e+014	0.953807	20.9614
1.90868e+014	0.955957	21.6669
1.90993e+014	0.958033	22.3723
1.91118e+014	0.960038	23.0778
1.91243e+014	0.961972	23.7833
1.91368e+014	0.963833	24.4888
1.91492e+014	0.965623	25.1943
1.91617e+014	0.967347	25.8998
1.91742e+014	0.969004	26.6053
1.91867e+014	0.970595	27.3108
1.91992e+014	0.972119	28.0163
1.92117e+014	0.97358	28.7218
1.92242e+014	0.974979	29.4273
1.92367e+014	0.976316	30.1328
1.92492e+014	0.977589	30.8384
1.92617e+014	0.9788	31.5439
1.92742e+014	0.979953	32.2495
1.92866e+014	0.981046	32.955
1.92991e+014	0.982078	33.6606
1.93116e+014	0.98305	34.3661
1.93241e+014	0.983963	35.0717
1.93366e+014	0.984821	35.7773
1.93491e+014	0.98562	36.4829
1.93616e+014	0.986359	37.1885
1.93741e+014	0.987042	37.8941
1.93866e+014	0.987669	38.5997
1.93991e+014	0.988242	39.3053
1.94116e+014	0.988758	40.0109
1.94241e+014	0.989218	40.7166
1.94365e+014	0.989625	41.4222
1.9449e+014	0.989982	42.1278
1.94615e+014	0.990287	42.8335
1.9474e+014	0.990538	43.5391
1.94865e+014	0.990739	44.2448
1.9499e+014	0.990894	44.9505
1.95115e+014	0.991001	45.6561
1.9524e+014	0.991058	46.3618
1.95365e+014	0.991068	47.0675
1.9549e+014	0.991033	47.7732
1.95615e+014	0.990954	48.4789
1.95739e+014	0.99083	49.1846
1.95864e+014	0.990659	49.8903
1.95989e+014	0.990444	50.5961
1.96114e+014	0.990188	51.3018
1.96239e+014	0.989892	52.0075
1.96364e+014	0.989553	52.7133
1.96489e+014	0.989171	53.419
1.96614e+014	0.98875	54.1247
1.96739e+014	0.988292	54.8305
1.96864e+014	0.987798	55.5362
1.96989e+014	0.987266	56.242
1.97114e+014	0.986698	56.9478
1.97238e+014	0.986095	57.6535
1.97363e+014	0.985458	58.3593
1.97488e+014	0.984783	59.0651
1.97613e+014	0.984073	59.7709
1.97738e+014	0.983331	60.4766
1.97863e+014	0.982555	61.1824
1.97988e+014	0.981745	61.8883
1.98113e+014	0.980899	62.5941
1.98238e+014	0.98002	63.2999
1.98363e+014	0.979108	64.0057
1.98488e+014	0.978162	64.7116
1.98613e+014	0.977182	65.4174
1.98737e+014	0.976169	66.1233
1.98862e+014	0.975125	66.8291
1.98987e+014	0.97405	67.535
1.99112e+014	0.972944	68.2409
1.99237e+014	0.971806	68.9468
1.99362e+014	0.97064	69.6527
1.99487e+014	0.969447	70.3586
1.99612e+014	0.968225	71.0645
1.99737e+014	0.966975	71.7704
1.99862e+014	0.965697	72.4763
('port 2',TE,1,'port 4',1,'transmission')
(101,3)
1.8737e+014	0.492467	0.663078
1.87495e+014	0.484523	1.43518
1.8762e+014	0.476588	2.20739
1.87745e+014	0.468666	2.97971
1.8787e+014	0.460756	3.75216
1.87995e+014	0.452858	4.52473
1.8812e+014	0.444973	5.29742
1.88245e+014	0.437102	6.07025
1.8837e+014	0.429248	6.84321
1.88495e+014	0.42141	7.61632
1.88619e+014	0.413588	8.38958
1.88744e+014	0.405786	9.16298
1.88869e+014	0.398004	9.93655
1.88994e+014	0.390244	10.7103
1.89119e+014	0.382506	11.4842
1.89244e+014	0.374789	12.2583
1.89369e+014	0.367096	13.0326
1.89494e+014	0.359428	13.8071
1.89619e+014	0.351785	14.5819
1.89744e+014	0.344165	15.3568
1.89869e+014	0.336571	16.132
1.89993e+014	0.329005	16.9075
1.90118e+014	0.321466	17.6833
1.90243e+014	0.313956	18.4593
1.90368e+014	0.306476	19.2357
1.90493e+014	0.299029	20.0124
1.90618e+014	0.291617	20.7895
1.90743e+014	0.28424	21.567
1.90868e+014	0.276901	22.3449
1.90993e+014	0.2696	23.1232
1.91118e+014	0.26234	23.902
1.91243e+014	0.25512	24.6813
1.91368e+014	0.247942	25.4612
1.91492e+014	0.240805	26.2416
1.91617e+014	0.233712	27.0227
1.91742e+014	0.226665	27.8045
1.91867e+014	0.219666	28.587
1.91992e+014	0.212719	29.3705
1.92117e+014	0.20583	30.1549
1.92242e+014	0.199008	30.9403
1.92367e+014	0.19226	31.727
1.92492e+014	0.185596	32.5149
1.92617e+014	0.17903	33.3043
1.92742e+014	0.172573	34.0953
1.92866e+014	0.166239	34.8879
1.92991e+014	0.160042	35.6824
1.93116e+014	0.153997	36.4789
1.93241e+014	0.148118	37.2774
1.93366e+014	0.142421	38.0783
1.93491e+014	0.136919	38.8816
1.93616e+014	0.131627	39.6876
1.93741e+014	0.126563	40.4962
1.93866e+014	0.121742	41.3078
1.93991e+014	0.117183	42.1225
1.94116e+014	0.112906	42.9404
1.94241e+014	0.108934	43.7617
1.94365e+014	0.10529	44.5863
1.9449e+014	0.101999	45.4143
1.94615e+014	0.0990886	46.2457
1.9474e+014	0.0965839	47.0801
1.94865e+014	0.0945099	47.9174
1.9499e+014	0.0928884	48.757
1.95115e+014	0.0917364	49.5984
1.9524e+014	0.0910651	50.4409
1.95365e+014	0.0908789	51.2837
1.9549e+014	0.0911752	52.1262
1.95615e+014	0.0919442	52.9675
1.95739e+014	0.0931688	53.807
1.95864e+014	0.0948267	54.6441
1.95989e+014	0.096892	55.4784
1.96114e+014	0.0993356	56.3095
1.96239e+014	0.102127	57.1371
1.96364e+014	0.105234	57.9613
1.96489e+014	0.108626	58.782
1.96614e+014	0.112273	59.5992
1.96739e+014	0.116148	60.4132
1.96864e+014	0.120223	61.2239
1.96989e+014	0.124474	62.0317
1.97114e+014	0.128878	62.8367
1.97238e+014	0.133416	63.6391
1.97363e+014	0.138068	64.4392
1.97488e+014	0.142819	65.237
1.97613e+014	0.147655	66.0328
1.97738e+014	0.152563	66.8268
1.97863e+014	0.157534	67.6192
1.97988e+014	0.162557	68.4099
1.98113e+014	0.167625	69.1993
1.98238e+014	0.17273	69.9874
1.98363e+014	0.177866	70.7743
1.98488e+014	0.183025	71.5601
1.98613e+014	0.188202	72.3449
1.98737e+014	0.19339	73.1287
1.98862e+014	0.198583	73.9117
1.98987e+014	0.203777	74.6939
1.99112e+014	0.208966	75.4753
1.99237e+014	0.214145	76.2561
1.99362e+014	0.219311	77.0363
1.99487e+014	0.224463	77.8159
1.99612e+014	0.229597	78.595
1.99737e+014	0.234713	79.3737
1.99862e+014	0.239811	80.152
('port 3',TE,1,'port 4',1,'transmission')
(101,3)
1.8737e+014	0.00102689	2.51239
1.87495e+014	0.00113288	3.70176
1.8762e+014	0.00124783	4.87064
1.87745e+014	0.00133763	6.02004
1.8787e+014	0.00137613	7.16643
1.87995e+014	0.00136176	8.33202
1.8812e+014	0.00132387	9.5336
1.88245e+014	0.00130715	10.7644
1.8837e+014	0.00133141	11.988
1.88495e+014	0.00136725	13.1712
1.88619e+014	0.00136445	14.3139
1.88744e+014	0.00129613	15.4419
1.88869e+014	0.00117857	16.5883
1.88994e+014	0.00106265	17.7742
1.89119e+014	0.000997507	18.9794
1.89244e+014	0.000985678	20.1463
1.89369e+014	0.000987095	21.2412
1.89494e+014	0.000965993	22.2785
1.89619e+014	0.000915764	23.2966
1.89744e+014	0.000855578	24.3387
1.89869e+014	0.00081974	25.4356
1.89993e+014	0.000841444	26.5782
1.90118e+014	0.000926901	27.721
1.90243e+014	0.00104648	28.8367
1.90368e+014	0.00115773	29.9369
1.90493e+014	0.00123179	31.0496
1.90618e+014	0.00126793	32.2004
1.90743e+014	0.00129445	33.4009
1.90868e+014	0.00134901	34.6362
1.90993e+014	0.00144323	35.8716
1.91118e+014	0.00154819	37.0846
1.91243e+014	0.00161981	38.28
1.91368e+014	0.00163362	39.48
1.91492e+014	0.00160282	40.7082
1.91617e+014	0.0015713	41.9731
1.91742e+014	0.00157778	43.2554
1.91867e+014	0.00161544	44.5226
1.91992e+014	0.0016377	45.7632
1.92117e+014	0.00160464	46.9945
1.92242e+014	0.00151842	48.2465
1.92367e+014	0.00142426	49.5397
1.92492e+014	0.00137292	50.8612
1.92617e+014	0.00136696	52.1694
1.92742e+014	0.00135725	53.4415
1.92866e+014	0.00129716	54.6952
1.92991e+014	0.00118474	55.9689
1.93116e+014	0.0010646	57.2953
1.93241e+014	0.000990651	58.6646
1.93366e+014	0.000967032	60.0189
1.93491e+014	0.000941668	61.3239
1.93616e+014	0.000867228	62.6067
1.93741e+014	0.00074584	63.9308
1.93866e+014	0.000633449	65.3614
1.93991e+014	0.000596473	66.8672
1.94116e+014	0.000620905	68.3077
1.94241e+014	0.000629415	69.6568
1.94365e+014	0.000583649	71.0059
1.9449e+014	0.000520636	72.4632
1.94615e+014	0.000524634	74.018
1.9474e+014	0.000607314	75.4789
1.94865e+014	0.000684969	76.8036
1.9499e+014	0.000697683	78.0893
1.95115e+014	0.000656131	79.4355
1.9524e+014	0.000633019	80.8874
1.95365e+014	0.000687113	82.3454
1.9549e+014	0.000776441	83.7007
1.95615e+014	0.000824311	84.9866
1.95739e+014	0.000805783	86.287
1.95864e+014	0.000765367	87.6693
1.95989e+014	0.000780723	89.116
1.96114e+014	0.000868123	90.5179
1.96239e+014	0.000962614	91.8355
1.96364e+014	0.00100645	93.1184
1.96489e+014	0.000999224	94.427
1.96614e+014	0.00099257	95.7902
1.96739e+014	0.00104069	97.173
1.96864e+014	0.00113743	98.5123
1.96989e+014	0.00122665	99.7956
1.97114e+014	0.00126302	101.055
1.97238e+014	0.00124555	102.332
1.97363e+014	0.00121606	103.649
1.97488e+014	0.00122506	104.991
1.97613e+014	0.00127882	106.31
1.97738e+014	0.00133018	107.582
1.97863e+014	0.00132732	108.828
1.97988e+014	0.00125842	110.086
1.98113e+014	0.00116412	111.393
1.98238e+014	0.00111048	112.749
1.98363e+014	0.00112003	114.094
1.98488e+014	0.00113932	115.382
1.98613e+014	0.00110113	116.631
1.98737e+014	0.000989638	117.902
1.98862e+014	0.000858772	119.259
1.98987e+014	0.000798128	120.706
1.99112e+014	0.0008252	122.12
1.99237e+014	0.00085339	123.439
1.99362e+014	0.000810471	124.729
1.99487e+014	0.000710934	126.1
1.99612e+014	0.000658932	127.622
1.99737e+014	0.000739166	129.143
1.99862e+014	0.000877901	130.514
('port 4',TE,1,'port 4',1,'transmission')
(101,3)
1.8737e+014	0.000461371	-1.04618
1.87495e+014	0.000377316	-0.714485
1.8762e+014	0.00025641	-0.447831
1.87745e+014	0.000150873	-0.369072
1.8787e+014	9.27053e-005	-0.471778
1.87995e+014	4.79823e-005	-0.347756
1.8812e+014	2.91758e-005	2.29091
1.88245e+014	0.000123705	2.89624
1.8837e+014	0.00022588	3.21915
1.88495e+014	0.000320461	3.50389
1.88619e+014	0.000397683	3.77006
1.88744e+014	0.000447788	4.01427
1.88869e+014	0.000469435	4.21178
1.88994e+014	0.000484379	4.34257
1.89119e+014	0.000525198	4.45146
1.89244e+014	0.00058729	4.62446
1.89369e+014	0.000623777	4.87697
1.89494e+014	0.000595989	5.15599
1.89619e+014	0.000511079	5.38068
1.89744e+014	0.000428278	5.47767
1.89869e+014	0.000405781	5.52861
1.89993e+014	0.000407648	5.72962
1.90118e+014	0.000361079	6.10126
1.90243e+014	0.00024939	6.60868
1.90368e+014	0.000116562	7.38949
1.90493e+014	7.3605e-005	9.04482
1.90618e+014	0.000114072	9.72187
1.90743e+014	0.000177418	9.6759
1.90868e+014	0.000319306	9.74796
1.90993e+014	0.000492932	10.0168
1.91118e+014	0.000630168	10.3246
1.91243e+014	0.000705152	10.5807
1.91368e+014	0.000753808	10.7462
1.91492e+014	0.000838072	10.8647
1.91617e+014	0.000961708	11.0197
1.91742e+014	0.00106832	11.2227
1.91867e+014	0.00111955	11.4296
1.91992e+014	0.00113343	11.6028
1.92117e+014	0.00115598	11.7461
1.92242e+014	0.00119941	11.8971
1.92367e+014	0.00122953	12.0728
1.92492e+014	0.00121864	12.2528
1.92617e+014	0.00118068	12.4116
1.92742e+014	0.00114868	12.5512
1.92866e+014	0.00112744	12.6974
1.92991e+014	0.00109037	12.8595
1.93116e+014	0.0010236	13.0166
1.93241e+014	0.000948723	13.1464
1.93366e+014	0.000893411	13.2604
1.93491e+014	0.000850155	13.3908
1.93616e+014	0.000789778	13.5383
1.93741e+014	0.000709226	13.6653
1.93866e+014	0.000641641	13.7463
1.93991e+014	0.000610902	13.8219
1.94116e+014	0.000592707	13.947
1.94241e+014	0.000553502	14.1023
1.94365e+014	0.000500337	14.2253
1.9449e+014	0.000472714	14.3026
1.94615e+014	0.000484349	14.419
1.9474e+014	0.000500879	14.6257
1.94865e+014	0.000493387	14.8742
1.9499e+014	0.000472478	15.0936
1.95115e+014	0.000475458	15.2691
1.9524e+014	0.000520688	15.4701
1.95365e+014	0.000583193	15.7385
1.9549e+014	0.000630263	16.0337
1.95615e+014	0.000657626	16.2946
1.95739e+014	0.000694966	16.4964
1.95864e+014	0.000772235	16.6805
1.95989e+014	0.000874913	16.8971
1.96114e+014	0.000959796	17.1379
1.96239e+014	0.00100724	17.3608
1.96364e+014	0.00104384	17.5397
1.96489e+014	0.00110969	17.6965
1.96614e+014	0.00119907	17.8751
1.96739e+014	0.00126358	18.0808
1.96864e+014	0.00127507	18.28
1.96989e+014	0.00126111	18.4427
1.97114e+014	0.001272	18.5805
1.97238e+014	0.00130893	18.7376
1.97363e+014	0.00131838	18.9272
1.97488e+014	0.00126502	19.1169
1.97613e+014	0.00117829	19.2664
1.97738e+014	0.00112012	19.3789
1.97863e+014	0.00109964	19.5097
1.97988e+014	0.00105778	19.6857
1.98113e+014	0.000952811	19.8679
1.98238e+014	0.000816202	19.9918
1.98363e+014	0.000720688	20.0451
1.98488e+014	0.000678728	20.1201
1.98613e+014	0.000621099	20.2696
1.98737e+014	0.000507033	20.4175
1.98862e+014	0.000382954	20.4195
1.98987e+014	0.000336777	20.2717
1.99112e+014	0.000343871	20.2652
1.99237e+014	0.000310703	20.3884
1.99362e+014	0.000236124	20.387
1.99487e+014	0.000214833	20.1174
1.99612e+014	0.000262925	20.0884
1.99737e+014	0.000276171	20.34
1.99862e+014	0.000220859	20.6282
