('port 1',TE,1,'port 1',1,'transmission')
(101,3)
1.8737e+014	0.000666805	-3.05711
1.87495e+014	0.000647701	-3.05871
1.8762e+014	0.000628773	-3.0603
1.87745e+014	0.000610021	-3.06189
1.8787e+014	0.000591444	-3.06348
1.87995e+014	0.000573042	-3.06506
1.8812e+014	0.000554815	-3.06664
1.88245e+014	0.000536761	-3.06822
1.8837e+014	0.000518882	-3.06979
1.88495e+014	0.000501177	-3.07136
1.88619e+014	0.000483645	-3.07293
1.88744e+014	0.000466287	-3.07449
1.88869e+014	0.000449101	-3.07605
1.88994e+014	0.000432089	-3.07761
1.89119e+014	0.00041525	-3.07917
1.89244e+014	0.000398583	-3.08073
1.89369e+014	0.00038209	-3.08229
1.89494e+014	0.000365768	-3.08385
1.89619e+014	0.00034962	-3.08541
1.89744e+014	0.000333644	-3.08697
1.89869e+014	0.000317841	-3.08854
1.89993e+014	0.000302211	-3.09011
1.90118e+014	0.000286754	-3.09168
1.90243e+014	0.000271469	-3.09327
1.90368e+014	0.000256358	-3.09487
1.90493e+014	0.000241419	-3.09648
1.90618e+014	0.000226654	-3.09811
1.90743e+014	0.000212062	-3.09976
1.90868e+014	0.000197643	-3.10144
1.90993e+014	0.000183399	-3.10315
1.91118e+014	0.000169328	-3.1049
1.91243e+014	0.000155431	-3.10671
1.91368e+014	0.000141708	-3.1086
1.91492e+014	0.000128159	-3.11057
1.91617e+014	0.000114786	-3.11267
1.91742e+014	0.000101587	-3.11494
1.91867e+014	8.85632e-005	-3.11746
1.91992e+014	7.57148e-005	-3.12034
1.92117e+014	6.30421e-005	-3.1238
1.92242e+014	5.05453e-005	-3.12825
1.92367e+014	3.82252e-005	-3.13462
1.92492e+014	2.60829e-005	-3.14554
1.92617e+014	1.41231e-005	-3.17238
1.92742e+014	2.43729e-006	-3.44548
1.92866e+014	9.34168e-006	-6.17727
1.92991e+014	2.07635e-005	-6.22487
1.93116e+014	3.20213e-005	-6.23952
1.93241e+014	4.31047e-005	-6.2472
1.93366e+014	5.40118e-005	-6.25225
1.93491e+014	6.47421e-005	-6.25605
1.93616e+014	7.52951e-005	-6.25913
1.93741e+014	8.56707e-005	-6.26179
1.93866e+014	9.58686e-005	-6.26416
1.93991e+014	0.000105889	-6.26634
1.94116e+014	0.000115731	-6.26838
1.94241e+014	0.000125396	-6.27031
1.94365e+014	0.000134883	-6.27217
1.9449e+014	0.000144192	-6.27397
1.94615e+014	0.000153323	-6.27573
1.9474e+014	0.000162277	-6.27745
1.94865e+014	0.000171052	-6.27914
1.9499e+014	0.00017965	-6.28082
1.95115e+014	0.000188071	-6.28248
1.9524e+014	0.000196314	-6.28412
1.95365e+014	0.00020438	-6.28576
1.9549e+014	0.00021227	-6.28739
1.95615e+014	0.000219982	-6.28902
1.95739e+014	0.000227518	-6.29065
1.95864e+014	0.000234878	-6.29228
1.95989e+014	0.000242061	-6.29391
1.96114e+014	0.000249069	-6.29554
1.96239e+014	0.000255902	-6.29718
1.96364e+014	0.00026256	-6.29883
1.96489e+014	0.000269044	-6.30047
1.96614e+014	0.000275353	-6.30213
1.96739e+014	0.000281489	-6.3038
1.96864e+014	0.000287451	-6.30547
1.96989e+014	0.000293241	-6.30715
1.97114e+014	0.000298859	-6.30884
1.97238e+014	0.000304305	-6.31054
1.97363e+014	0.00030958	-6.31225
1.97488e+014	0.000314685	-6.31397
1.97613e+014	0.000319619	-6.31571
1.97738e+014	0.000324385	-6.31745
1.97863e+014	0.000328982	-6.31921
1.97988e+014	0.000333411	-6.32097
1.98113e+014	0.000337673	-6.32275
1.98238e+014	0.000341768	-6.32454
1.98363e+014	0.000345697	-6.32634
1.98488e+014	0.000349461	-6.32815
1.98613e+014	0.000353061	-6.32998
1.98737e+014	0.000356497	-6.33181
1.98862e+014	0.00035977	-6.33366
1.98987e+014	0.000362881	-6.33552
1.99112e+014	0.000365831	-6.33738
1.99237e+014	0.00036862	-6.33926
1.99362e+014	0.000371249	-6.34115
1.99487e+014	0.000373719	-6.34305
1.99612e+014	0.000376031	-6.34496
1.99737e+014	0.000378185	-6.34687
1.99862e+014	0.000380183	-6.3488
('port 2',TE,1,'port 1',1,'transmission')
(101,3)
1.8737e+014	5.43699e-006	1.70634
1.87495e+014	5.15461e-006	1.69132
1.8762e+014	4.89757e-006	1.67205
1.87745e+014	4.6669e-006	1.64856
1.8787e+014	4.46357e-006	1.621
1.87995e+014	4.28837e-006	1.58973
1.8812e+014	4.14185e-006	1.55529
1.88245e+014	4.02421e-006	1.51846
1.8837e+014	3.93519e-006	1.48017
1.88495e+014	3.87406e-006	1.44149
1.88619e+014	3.83957e-006	1.40351
1.88744e+014	3.83001e-006	1.36731
1.88869e+014	3.84331e-006	1.33382
1.88994e+014	3.87712e-006	1.30379
1.89119e+014	3.92897e-006	1.27777
1.89244e+014	3.99638e-006	1.25612
1.89369e+014	4.07695e-006	1.23899
1.89494e+014	4.16846e-006	1.22638
1.89619e+014	4.26885e-006	1.21819
1.89744e+014	4.37633e-006	1.21422
1.89869e+014	4.48929e-006	1.21423
1.89993e+014	4.60637e-006	1.21796
1.90118e+014	4.72639e-006	1.22512
1.90243e+014	4.84838e-006	1.23544
1.90368e+014	4.97151e-006	1.24866
1.90493e+014	5.09509e-006	1.26453
1.90618e+014	5.21857e-006	1.28281
1.90743e+014	5.34149e-006	1.30329
1.90868e+014	5.46349e-006	1.32579
1.90993e+014	5.58429e-006	1.35011
1.91118e+014	5.70366e-006	1.37612
1.91243e+014	5.82145e-006	1.40365
1.91368e+014	5.93754e-006	1.43258
1.91492e+014	6.05185e-006	1.4628
1.91617e+014	6.16435e-006	1.49419
1.91742e+014	6.27503e-006	1.52666
1.91867e+014	6.3839e-006	1.56012
1.91992e+014	6.49099e-006	1.59449
1.92117e+014	6.59636e-006	1.6297
1.92242e+014	6.70007e-006	1.66568
1.92367e+014	6.80221e-006	1.70237
1.92492e+014	6.90286e-006	1.7397
1.92617e+014	7.00212e-006	1.77764
1.92742e+014	7.10009e-006	1.81613
1.92866e+014	7.19687e-006	1.85511
1.92991e+014	7.29258e-006	1.89456
1.93116e+014	7.38733e-006	1.93443
1.93241e+014	7.48122e-006	1.97467
1.93366e+014	7.57439e-006	2.01526
1.93491e+014	7.66693e-006	2.05617
1.93616e+014	7.75896e-006	2.09735
1.93741e+014	7.85059e-006	2.13877
1.93866e+014	7.94192e-006	2.18042
1.93991e+014	8.03307e-006	2.22225
1.94116e+014	8.12413e-006	2.26425
1.94241e+014	8.2152e-006	2.30638
1.94365e+014	8.30637e-006	2.34862
1.9449e+014	8.39774e-006	2.39094
1.94615e+014	8.48939e-006	2.43333
1.9474e+014	8.58139e-006	2.47576
1.94865e+014	8.67384e-006	2.51821
1.9499e+014	8.76679e-006	2.56066
1.95115e+014	8.86033e-006	2.60309
1.9524e+014	8.9545e-006	2.64548
1.95365e+014	9.04937e-006	2.6878
1.9549e+014	9.14499e-006	2.73006
1.95615e+014	9.24141e-006	2.77222
1.95739e+014	9.33869e-006	2.81427
1.95864e+014	9.43685e-006	2.8562
1.95989e+014	9.53594e-006	2.89799
1.96114e+014	9.636e-006	2.93963
1.96239e+014	9.73704e-006	2.98111
1.96364e+014	9.83912e-006	3.02241
1.96489e+014	9.94224e-006	3.06352
1.96614e+014	1.00464e-005	3.10443
1.96739e+014	1.01517e-005	3.14512
1.96864e+014	1.02581e-005	3.1856
1.96989e+014	1.03656e-005	3.22585
1.97114e+014	1.04743e-005	3.26587
1.97238e+014	1.05842e-005	3.30564
1.97363e+014	1.06952e-005	3.34515
1.97488e+014	1.08074e-005	3.38441
1.97613e+014	1.09208e-005	3.4234
1.97738e+014	1.10355e-005	3.46212
1.97863e+014	1.11513e-005	3.50057
1.97988e+014	1.12685e-005	3.53873
1.98113e+014	1.13869e-005	3.57662
1.98238e+014	1.15066e-005	3.61421
1.98363e+014	1.16276e-005	3.65151
1.98488e+014	1.175e-005	3.68853
1.98613e+014	1.18737e-005	3.72524
1.98737e+014	1.19988e-005	3.76166
1.98862e+014	1.21254e-005	3.79778
1.98987e+014	1.22534e-005	3.83361
1.99112e+014	1.23829e-005	3.86913
1.99237e+014	1.25139e-005	3.90436
1.99362e+014	1.26465e-005	3.93928
1.99487e+014	1.27807e-005	3.97391
1.99612e+014	1.29166e-005	4.00824
1.99737e+014	1.30542e-005	4.04228
1.99862e+014	1.31936e-005	4.07602
('port 3',TE,1,'port 1',1,'transmission')
(101,3)
1.8737e+014	1.76603e-009	2.76331
1.87495e+014	1.7636e-009	2.82221
1.8762e+014	1.76121e-009	2.8811
1.87745e+014	1.75886e-009	2.94
1.8787e+014	1.75656e-009	2.9989
1.87995e+014	1.7543e-009	3.05779
1.8812e+014	1.75209e-009	3.11669
1.88245e+014	1.74991e-009	3.17558
1.8837e+014	1.74778e-009	3.23448
1.88495e+014	1.74569e-009	3.29337
1.88619e+014	1.74365e-009	3.35227
1.88744e+014	1.74164e-009	3.41117
1.88869e+014	1.73967e-009	3.47006
1.88994e+014	1.73775e-009	3.52896
1.89119e+014	1.73587e-009	3.58785
1.89244e+014	1.73403e-009	3.64675
1.89369e+014	1.73223e-009	3.70565
1.89494e+014	1.73047e-009	3.76454
1.89619e+014	1.72875e-009	3.82344
1.89744e+014	1.72707e-009	3.88233
1.89869e+014	1.72543e-009	3.94123
1.89993e+014	1.72383e-009	4.00013
1.90118e+014	1.72228e-009	4.05902
1.90243e+014	1.72076e-009	4.11792
1.90368e+014	1.71928e-009	4.17681
1.90493e+014	1.71784e-009	4.23571
1.90618e+014	1.71644e-009	4.29461
1.90743e+014	1.71508e-009	4.3535
1.90868e+014	1.71376e-009	4.4124
1.90993e+014	1.71248e-009	4.4713
1.91118e+014	1.71124e-009	4.53019
1.91243e+014	1.71004e-009	4.58909
1.91368e+014	1.70888e-009	4.64799
1.91492e+014	1.70775e-009	4.70688
1.91617e+014	1.70667e-009	4.76578
1.91742e+014	1.70562e-009	4.82468
1.91867e+014	1.70461e-009	4.88358
1.91992e+014	1.70365e-009	4.94247
1.92117e+014	1.70272e-009	5.00137
1.92242e+014	1.70182e-009	5.06027
1.92367e+014	1.70097e-009	5.11917
1.92492e+014	1.70015e-009	5.17806
1.92617e+014	1.69938e-009	5.23696
1.92742e+014	1.69864e-009	5.29586
1.92866e+014	1.69794e-009	5.35476
1.92991e+014	1.69727e-009	5.41366
1.93116e+014	1.69665e-009	5.47256
1.93241e+014	1.69606e-009	5.53146
1.93366e+014	1.69551e-009	5.59035
1.93491e+014	1.695e-009	5.64925
1.93616e+014	1.69453e-009	5.70815
1.93741e+014	1.69409e-009	5.76705
1.93866e+014	1.6937e-009	5.82595
1.93991e+014	1.69334e-009	5.88485
1.94116e+014	1.69301e-009	5.94375
1.94241e+014	1.69273e-009	6.00265
1.94365e+014	1.69248e-009	6.06155
1.9449e+014	1.69227e-009	6.12045
1.94615e+014	1.6921e-009	6.17935
1.9474e+014	1.69197e-009	6.23825
1.94865e+014	1.69187e-009	6.29715
1.9499e+014	1.69181e-009	6.35606
1.95115e+014	1.69179e-009	6.41496
1.9524e+014	1.6918e-009	6.47386
1.95365e+014	1.69186e-009	6.53276
1.9549e+014	1.69195e-009	6.59166
1.95615e+014	1.69208e-009	6.65056
1.95739e+014	1.69224e-009	6.70947
1.95864e+014	1.69244e-009	6.76837
1.95989e+014	1.69268e-009	6.82727
1.96114e+014	1.69296e-009	6.88617
1.96239e+014	1.69328e-009	6.94508
1.96364e+014	1.69363e-009	7.00398
1.96489e+014	1.69402e-009	7.06289
1.96614e+014	1.69445e-009	7.12179
1.96739e+014	1.69491e-009	7.18069
1.96864e+014	1.69542e-009	7.2396
1.96989e+014	1.69596e-009	7.2985
1.97114e+014	1.69654e-009	7.35741
1.97238e+014	1.69715e-009	7.41631
1.97363e+014	1.6978e-009	7.47522
1.97488e+014	1.6985e-009	7.53412
1.97613e+014	1.69923e-009	7.59303
1.97738e+014	1.69999e-009	7.65194
1.97863e+014	1.7008e-009	7.71084
1.97988e+014	1.70164e-009	7.76975
1.98113e+014	1.70252e-009	7.82866
1.98238e+014	1.70344e-009	7.88756
1.98363e+014	1.7044e-009	7.94647
1.98488e+014	1.70539e-009	8.00538
1.98613e+014	1.70643e-009	8.06429
1.98737e+014	1.7075e-009	8.12319
1.98862e+014	1.70861e-009	8.1821
1.98987e+014	1.70975e-009	8.24101
1.99112e+014	1.71094e-009	8.29992
1.99237e+014	1.71217e-009	8.35883
1.99362e+014	1.71343e-009	8.41774
1.99487e+014	1.71473e-009	8.47665
1.99612e+014	1.71607e-009	8.53556
1.99737e+014	1.71746e-009	8.59447
1.99862e+014	1.71887e-009	8.65338
('port 4',TE,1,'port 1',1,'transmission')
(101,3)
1.8737e+014	7.32737e-017	-0.166769
1.87495e+014	7.31929e-017	-0.107881
1.8762e+014	7.31139e-017	-0.0489937
1.87745e+014	7.30367e-017	0.00989354
1.8787e+014	7.29611e-017	0.0687805
1.87995e+014	7.28873e-017	0.127667
1.8812e+014	7.28152e-017	0.186553
1.88245e+014	7.27449e-017	0.245439
1.8837e+014	7.26762e-017	0.304325
1.88495e+014	7.26093e-017	0.36321
1.88619e+014	7.2544e-017	0.422096
1.88744e+014	7.24805e-017	0.48098
1.88869e+014	7.24186e-017	0.539865
1.88994e+014	7.23584e-017	0.598749
1.89119e+014	7.22999e-017	0.657633
1.89244e+014	7.22431e-017	0.716517
1.89369e+014	7.2188e-017	0.7754
1.89494e+014	7.21345e-017	0.834283
1.89619e+014	7.20827e-017	0.893166
1.89744e+014	7.20325e-017	0.952049
1.89869e+014	7.1984e-017	1.01093
1.89993e+014	7.19372e-017	1.06981
1.90118e+014	7.1892e-017	1.12869
1.90243e+014	7.18484e-017	1.18758
1.90368e+014	7.18065e-017	1.24646
1.90493e+014	7.17662e-017	1.30534
1.90618e+014	7.17276e-017	1.36422
1.90743e+014	7.16905e-017	1.4231
1.90868e+014	7.16552e-017	1.48198
1.90993e+014	7.16214e-017	1.54086
1.91118e+014	7.15892e-017	1.59974
1.91243e+014	7.15587e-017	1.65862
1.91368e+014	7.15298e-017	1.7175
1.91492e+014	7.15025e-017	1.77638
1.91617e+014	7.14768e-017	1.83526
1.91742e+014	7.14527e-017	1.89414
1.91867e+014	7.14303e-017	1.95302
1.91992e+014	7.14094e-017	2.01189
1.92117e+014	7.13901e-017	2.07077
1.92242e+014	7.13725e-017	2.12965
1.92367e+014	7.13564e-017	2.18853
1.92492e+014	7.13419e-017	2.24741
1.92617e+014	7.13291e-017	2.30628
1.92742e+014	7.13178e-017	2.36516
1.92866e+014	7.13081e-017	2.42404
1.92991e+014	7.13e-017	2.48291
1.93116e+014	7.12935e-017	2.54179
1.93241e+014	7.12886e-017	2.60067
1.93366e+014	7.12852e-017	2.65954
1.93491e+014	7.12835e-017	2.71842
1.93616e+014	7.12834e-017	2.7773
1.93741e+014	7.12848e-017	2.83617
1.93866e+014	7.12878e-017	2.89505
1.93991e+014	7.12924e-017	2.95392
1.94116e+014	7.12986e-017	3.0128
1.94241e+014	7.13064e-017	3.07167
1.94365e+014	7.13158e-017	3.13055
1.9449e+014	7.13268e-017	3.18943
1.94615e+014	7.13393e-017	3.2483
1.9474e+014	7.13534e-017	3.30717
1.94865e+014	7.13692e-017	3.36605
1.9499e+014	7.13865e-017	3.42492
1.95115e+014	7.14054e-017	3.4838
1.9524e+014	7.14259e-017	3.54267
1.95365e+014	7.1448e-017	3.60155
1.9549e+014	7.14716e-017	3.66042
1.95615e+014	7.14969e-017	3.7193
1.95739e+014	7.15238e-017	3.77817
1.95864e+014	7.15522e-017	3.83704
1.95989e+014	7.15823e-017	3.89592
1.96114e+014	7.1614e-017	3.95479
1.96239e+014	7.16472e-017	4.01366
1.96364e+014	7.16821e-017	4.07254
1.96489e+014	7.17186e-017	4.13141
1.96614e+014	7.17566e-017	4.19028
1.96739e+014	7.17963e-017	4.24916
1.96864e+014	7.18376e-017	4.30803
1.96989e+014	7.18805e-017	4.3669
1.97114e+014	7.19251e-017	4.42578
1.97238e+014	7.19712e-017	4.48465
1.97363e+014	7.2019e-017	4.54352
1.97488e+014	7.20684e-017	4.60239
1.97613e+014	7.21194e-017	4.66127
1.97738e+014	7.21721e-017	4.72014
1.97863e+014	7.22264e-017	4.77901
1.97988e+014	7.22823e-017	4.83788
1.98113e+014	7.23399e-017	4.89676
1.98238e+014	7.23991e-017	4.95563
1.98363e+014	7.246e-017	5.0145
1.98488e+014	7.25225e-017	5.07337
1.98613e+014	7.25867e-017	5.13224
1.98737e+014	7.26526e-017	5.19112
1.98862e+014	7.27201e-017	5.24999
1.98987e+014	7.27892e-017	5.30886
1.99112e+014	7.28601e-017	5.36773
1.99237e+014	7.29326e-017	5.4266
1.99362e+014	7.30069e-017	5.48548
1.99487e+014	7.30828e-017	5.54435
1.99612e+014	7.31604e-017	5.60322
1.99737e+014	7.32396e-017	5.66209
1.99862e+014	7.33206e-017	5.72096
('port 1',TE,1,'port 2',1,'transmission')
(101,3)
1.8737e+014	0.000481054	1.90267
1.87495e+014	0.000377683	2.19993
1.8762e+014	0.000304048	2.2723
1.87745e+014	0.000327129	2.18371
1.8787e+014	0.000456783	2.27887
1.87995e+014	0.000642231	2.57865
1.8812e+014	0.000850448	2.97991
1.88245e+014	0.00106456	3.42936
1.8837e+014	0.00127332	3.90391
1.88495e+014	0.00146768	4.39293
1.88619e+014	0.00163989	4.8912
1.88744e+014	0.00178349	5.39605
1.88869e+014	0.00189341	5.90609
1.88994e+014	0.00196615	6.42062
1.89119e+014	0.0019998	6.93928
1.89244e+014	0.00199391	7.46187
1.89369e+014	0.00194934	7.98825
1.89494e+014	0.00186788	8.51824
1.89619e+014	0.00175199	9.05165
1.89744e+014	0.00160444	9.58827
1.89869e+014	0.00142809	10.128
1.89993e+014	0.00122585	10.6708
1.90118e+014	0.00100061	11.2176
1.90243e+014	0.000755435	11.771
1.90368e+014	0.000493737	12.3406
1.90493e+014	0.000220386	12.988
1.90618e+014	8.07186e-005	15.9238
1.90743e+014	0.000361249	16.8981
1.90868e+014	0.000650612	17.4898
1.90993e+014	0.00093636	18.0489
1.91118e+014	0.00121329	18.5984
1.91243e+014	0.00147676	19.1438
1.91368e+014	0.00172247	19.6872
1.91492e+014	0.00194651	20.2293
1.91617e+014	0.00214537	20.7706
1.91742e+014	0.00231591	21.3115
1.91867e+014	0.00245546	21.852
1.91992e+014	0.00256177	22.3923
1.92117e+014	0.00263318	22.9327
1.92242e+014	0.00266868	23.4734
1.92367e+014	0.00266808	24.0149
1.92492e+014	0.00263215	24.5577
1.92617e+014	0.00256268	25.1025
1.92742e+014	0.00246257	25.6501
1.92866e+014	0.00233579	26.2018
1.92991e+014	0.00218733	26.7588
1.93116e+014	0.00202306	27.3227
1.93241e+014	0.00184959	27.8957
1.93366e+014	0.00167408	28.4799
1.93491e+014	0.00150407	29.0777
1.93616e+014	0.00134715	29.6913
1.93741e+014	0.00121046	30.3213
1.93866e+014	0.00109979	30.9653
1.93991e+014	0.00101829	31.6166
1.94116e+014	0.000965369	32.2641
1.94241e+014	0.000936605	32.8955
1.94365e+014	0.000925218	33.5003
1.9449e+014	0.000924395	34.0724
1.94615e+014	0.00092926	34.6096
1.9474e+014	0.000937882	35.1123
1.94865e+014	0.000951367	35.5834
1.9499e+014	0.000973214	36.0273
1.95115e+014	0.00100806	36.4512
1.9524e+014	0.00106007	36.8643
1.95365e+014	0.00113139	37.2761
1.9549e+014	0.00122151	37.6946
1.95615e+014	0.00132747	38.1251
1.95739e+014	0.00144469	38.5697
1.95864e+014	0.00156793	39.0287
1.95989e+014	0.00169198	39.501
1.96114e+014	0.00181202	39.985
1.96239e+014	0.00192379	40.4791
1.96364e+014	0.00202367	40.9817
1.96489e+014	0.00210857	41.4915
1.96614e+014	0.00217599	42.0075
1.96739e+014	0.00222389	42.5286
1.96864e+014	0.00225077	43.0542
1.96989e+014	0.00225565	43.5838
1.97114e+014	0.00223805	44.117
1.97238e+014	0.00219805	44.6536
1.97363e+014	0.00213622	45.1935
1.97488e+014	0.0020536	45.7367
1.97613e+014	0.00195162	46.2832
1.97738e+014	0.00183202	46.8335
1.97863e+014	0.00169685	47.388
1.97988e+014	0.00154838	47.9476
1.98113e+014	0.00138922	48.514
1.98238e+014	0.0012224	49.0899
1.98363e+014	0.00105162	49.6797
1.98488e+014	0.000881666	50.2915
1.98613e+014	0.000719182	50.9389
1.98737e+014	0.000574092	51.6448
1.98862e+014	0.000461679	52.439
1.98987e+014	0.000401414	53.3256
1.99112e+014	0.000402009	54.2258
1.99237e+014	0.000445664	55.0393
1.99362e+014	0.000503926	55.7484
1.99487e+014	0.000556279	56.3802
1.99612e+014	0.000591223	56.9589
1.99737e+014	0.0006029	57.4981
1.99862e+014	0.0005891	58.0024
('port 2',TE,1,'port 2',1,'transmission')
(101,3)
1.8737e+014	0.000183732	2.60595
1.87495e+014	0.000249798	3.22876
1.8762e+014	0.000301176	3.6962
1.87745e+014	0.00032127	4.1036
1.8787e+014	0.000302665	4.49113
1.87995e+014	0.000243538	4.89045
1.8812e+014	0.000148116	5.38697
1.88245e+014	5.70177e-005	6.84415
1.8837e+014	0.00016682	8.4343
1.88495e+014	0.000335781	8.92746
1.88619e+014	0.000510851	9.29654
1.88744e+014	0.000677251	9.63
1.88869e+014	0.000823137	9.94653
1.88994e+014	0.000938917	10.2521
1.89119e+014	0.00101782	10.5491
1.89244e+014	0.00105643	10.8381
1.89369e+014	0.00105483	11.1194
1.89494e+014	0.00101649	11.3932
1.89619e+014	0.000947579	11.6601
1.89744e+014	0.000855995	11.9224
1.89869e+014	0.000750042	12.1854
1.89993e+014	0.000637254	12.4603
1.90118e+014	0.000524103	12.769
1.90243e+014	0.000418238	13.1533
1.90368e+014	0.000336123	13.6831
1.90493e+014	0.000313126	14.3885
1.90618e+014	0.000377335	15.0868
1.90743e+014	0.000506852	15.6249
1.90868e+014	0.000665995	16.045
1.90993e+014	0.000829193	16.4054
1.91118e+014	0.000976531	16.7363
1.91243e+014	0.0010905	17.0513
1.91368e+014	0.0011559	17.3556
1.91492e+014	0.00116089	17.6499
1.91617e+014	0.0010985	17.9306
1.91742e+014	0.000968279	18.1876
1.91867e+014	0.000778959	18.3949
1.91992e+014	0.000556684	18.4771
1.92117e+014	0.000383314	18.2186
1.92242e+014	0.000439092	17.6971
1.92367e+014	0.000687021	17.5862
1.92492e+014	0.000972653	17.7308
1.92617e+014	0.00123249	17.9691
1.92742e+014	0.00143552	18.2487
1.92866e+014	0.00156242	18.5502
1.92991e+014	0.00160206	18.8652
1.93116e+014	0.00155104	19.1895
1.93241e+014	0.00141345	19.521
1.93366e+014	0.00120028	19.8587
1.93491e+014	0.00092836	20.2024
1.93616e+014	0.000618701	20.5521
1.93741e+014	0.00029456	20.9098
1.93866e+014	2.07914e-005	18.0577
1.93991e+014	0.00030598	18.4911
1.94116e+014	0.000543984	18.8732
1.94241e+014	0.000723241	19.2662
1.94365e+014	0.0008389	19.6741
1.9449e+014	0.000893118	20.1014
1.94615e+014	0.000894584	20.5527
1.9474e+014	0.000857027	21.0328
1.94865e+014	0.000796437	21.5448
1.9499e+014	0.00072686	22.0869
1.95115e+014	0.000655655	22.6521
1.9524e+014	0.000580963	23.2326
1.95365e+014	0.000494549	23.8334
1.9549e+014	0.000391057	24.4976
1.95615e+014	0.000289328	25.3668
1.95739e+014	0.000281633	26.5723
1.95864e+014	0.000440533	27.5598
1.95989e+014	0.000689875	28.2048
1.96114e+014	0.000972272	28.7026
1.96239e+014	0.00125655	29.1338
1.96364e+014	0.00151831	29.5286
1.96489e+014	0.00173634	29.9
1.96614e+014	0.00189302	30.2546
1.96739e+014	0.00197537	30.5958
1.96864e+014	0.00197598	30.925
1.96989e+014	0.00189361	31.2423
1.97114e+014	0.00173331	31.5462
1.97238e+014	0.00150619	31.8324
1.97363e+014	0.00122909	32.0914
1.97488e+014	0.000924979	32.3004
1.97613e+014	0.000627371	32.3969
1.97738e+014	0.000403431	32.2083
1.97863e+014	0.000381717	31.7095
1.97988e+014	0.00052944	31.5186
1.98113e+014	0.000693054	31.6072
1.98238e+014	0.000812371	31.8032
1.98363e+014	0.000869142	32.0438
1.98488e+014	0.000859304	32.3052
1.98613e+014	0.000786475	32.5759
1.98737e+014	0.000659758	32.8477
1.98862e+014	0.000492478	33.1084
1.98987e+014	0.000301584	33.3214
1.99112e+014	0.000114323	33.2126
1.99237e+014	0.000124189	31.63
1.99362e+014	0.000281868	31.6126
1.99487e+014	0.00041263	31.87
1.99612e+014	0.000500062	32.1928
1.99737e+014	0.000539971	32.558
1.99862e+014	0.000535723	32.9704
('port 3',TE,1,'port 2',1,'transmission')
(101,3)
1.8737e+014	0.291176	1.69244
1.87495e+014	0.289837	2.01062
1.8762e+014	0.288503	2.32881
1.87745e+014	0.287174	2.64699
1.8787e+014	0.285852	2.96518
1.87995e+014	0.284536	3.28336
1.8812e+014	0.283226	3.60154
1.88245e+014	0.281924	3.91973
1.8837e+014	0.280628	4.23791
1.88495e+014	0.279339	4.5561
1.88619e+014	0.278056	4.87429
1.88744e+014	0.276781	5.19247
1.88869e+014	0.275512	5.51067
1.88994e+014	0.274249	5.82886
1.89119e+014	0.272993	6.14706
1.89244e+014	0.271743	6.46525
1.89369e+014	0.270498	6.78345
1.89494e+014	0.26926	7.10165
1.89619e+014	0.268027	7.41986
1.89744e+014	0.2668	7.73806
1.89869e+014	0.265578	8.05626
1.89993e+014	0.264363	8.37445
1.90118e+014	0.263154	8.69265
1.90243e+014	0.261951	9.01085
1.90368e+014	0.260754	9.32905
1.90493e+014	0.259564	9.64725
1.90618e+014	0.25838	9.96546
1.90743e+014	0.257202	10.2837
1.90868e+014	0.256029	10.6019
1.90993e+014	0.254862	10.9201
1.91118e+014	0.2537	11.2383
1.91243e+014	0.252543	11.5565
1.91368e+014	0.251392	11.8748
1.91492e+014	0.250245	12.193
1.91617e+014	0.249104	12.5112
1.91742e+014	0.247969	12.8294
1.91867e+014	0.246839	13.1476
1.91992e+014	0.245714	13.4659
1.92117e+014	0.244595	13.7841
1.92242e+014	0.243482	14.1023
1.92367e+014	0.242375	14.4205
1.92492e+014	0.241275	14.7387
1.92617e+014	0.240181	15.057
1.92742e+014	0.239093	15.3752
1.92866e+014	0.238011	15.6934
1.92991e+014	0.236934	16.0116
1.93116e+014	0.235863	16.3299
1.93241e+014	0.234797	16.6481
1.93366e+014	0.233736	16.9663
1.93491e+014	0.23268	17.2846
1.93616e+014	0.231628	17.6028
1.93741e+014	0.230582	17.921
1.93866e+014	0.229541	18.2392
1.93991e+014	0.228506	18.5575
1.94116e+014	0.227476	18.8757
1.94241e+014	0.226452	19.1939
1.94365e+014	0.225434	19.5121
1.9449e+014	0.224422	19.8303
1.94615e+014	0.223414	20.1486
1.9474e+014	0.222412	20.4668
1.94865e+014	0.221414	20.785
1.9499e+014	0.220421	21.1033
1.95115e+014	0.219431	21.4215
1.9524e+014	0.218446	21.7398
1.95365e+014	0.217465	22.058
1.9549e+014	0.216487	22.3763
1.95615e+014	0.215514	22.6945
1.95739e+014	0.214544	23.0128
1.95864e+014	0.213578	23.331
1.95989e+014	0.212617	23.6492
1.96114e+014	0.21166	23.9675
1.96239e+014	0.210709	24.2857
1.96364e+014	0.209763	24.6039
1.96489e+014	0.208822	24.9221
1.96614e+014	0.207887	25.2403
1.96739e+014	0.206958	25.5586
1.96864e+014	0.206034	25.8768
1.96989e+014	0.205116	26.195
1.97114e+014	0.204202	26.5132
1.97238e+014	0.203293	26.8315
1.97363e+014	0.202388	27.1497
1.97488e+014	0.201487	27.4679
1.97613e+014	0.20059	27.7861
1.97738e+014	0.199698	28.1044
1.97863e+014	0.198809	28.4226
1.97988e+014	0.197924	28.7408
1.98113e+014	0.197043	29.0591
1.98238e+014	0.196166	29.3773
1.98363e+014	0.195293	29.6956
1.98488e+014	0.194424	30.0138
1.98613e+014	0.193558	30.3321
1.98737e+014	0.192696	30.6503
1.98862e+014	0.191838	30.9686
1.98987e+014	0.190983	31.2868
1.99112e+014	0.190132	31.6051
1.99237e+014	0.189285	31.9234
1.99362e+014	0.188442	32.2416
1.99487e+014	0.187603	32.5599
1.99612e+014	0.186768	32.8782
1.99737e+014	0.185938	33.1964
1.99862e+014	0.185113	33.5147
('port 4',TE,1,'port 2',1,'transmission')
(101,3)
1.8737e+014	0.955577	0.256683
1.87495e+014	0.955997	0.638373
1.8762e+014	0.95641	1.02006
1.87745e+014	0.956816	1.40175
1.8787e+014	0.957214	1.78344
1.87995e+014	0.957605	2.16513
1.8812e+014	0.957989	2.54682
1.88245e+014	0.958366	2.92851
1.8837e+014	0.958736	3.3102
1.88495e+014	0.959101	3.69189
1.88619e+014	0.959461	4.07357
1.88744e+014	0.959817	4.45525
1.88869e+014	0.96017	4.83693
1.88994e+014	0.96052	5.21861
1.89119e+014	0.960869	5.60029
1.89244e+014	0.961216	5.98197
1.89369e+014	0.961562	6.36365
1.89494e+014	0.961907	6.74534
1.89619e+014	0.96225	7.12702
1.89744e+014	0.96259	7.50871
1.89869e+014	0.962927	7.89041
1.89993e+014	0.96326	8.27211
1.90118e+014	0.963589	8.65381
1.90243e+014	0.963914	9.03551
1.90368e+014	0.964234	9.41722
1.90493e+014	0.964549	9.79892
1.90618e+014	0.964858	10.1806
1.90743e+014	0.965163	10.5623
1.90868e+014	0.965462	10.944
1.90993e+014	0.965758	11.3258
1.91118e+014	0.96605	11.7075
1.91243e+014	0.966339	12.0892
1.91368e+014	0.966627	12.4709
1.91492e+014	0.966914	12.8526
1.91617e+014	0.9672	13.2343
1.91742e+014	0.967485	13.6159
1.91867e+014	0.967769	13.9976
1.91992e+014	0.968051	14.3793
1.92117e+014	0.968332	14.761
1.92242e+014	0.968611	15.1427
1.92367e+014	0.96889	15.5244
1.92492e+014	0.969167	15.9061
1.92617e+014	0.969444	16.2878
1.92742e+014	0.96972	16.6695
1.92866e+014	0.969996	17.0512
1.92991e+014	0.970271	17.4329
1.93116e+014	0.970544	17.8146
1.93241e+014	0.970816	18.1963
1.93366e+014	0.971086	18.578
1.93491e+014	0.971355	18.9596
1.93616e+014	0.971623	19.3413
1.93741e+014	0.971891	19.723
1.93866e+014	0.97216	20.1047
1.93991e+014	0.97243	20.4864
1.94116e+014	0.972701	20.868
1.94241e+014	0.972972	21.2497
1.94365e+014	0.973242	21.6314
1.9449e+014	0.97351	22.0131
1.94615e+014	0.973775	22.3948
1.9474e+014	0.974036	22.7765
1.94865e+014	0.974292	23.1581
1.9499e+014	0.974544	23.5398
1.95115e+014	0.97479	23.9215
1.9524e+014	0.97503	24.3032
1.95365e+014	0.975265	24.6848
1.9549e+014	0.975492	25.0665
1.95615e+014	0.975714	25.4482
1.95739e+014	0.975928	25.8299
1.95864e+014	0.976136	26.2115
1.95989e+014	0.976338	26.5932
1.96114e+014	0.976536	26.9748
1.96239e+014	0.976731	27.3564
1.96364e+014	0.976924	27.7381
1.96489e+014	0.977117	28.1197
1.96614e+014	0.97731	28.5013
1.96739e+014	0.977503	28.8829
1.96864e+014	0.977698	29.2646
1.96989e+014	0.977893	29.6462
1.97114e+014	0.978089	30.0278
1.97238e+014	0.978284	30.4094
1.97363e+014	0.978478	30.7911
1.97488e+014	0.978671	31.1727
1.97613e+014	0.978862	31.5543
1.97738e+014	0.97905	31.936
1.97863e+014	0.979236	32.3176
1.97988e+014	0.979418	32.6993
1.98113e+014	0.979596	33.0809
1.98238e+014	0.97977	33.4626
1.98363e+014	0.979938	33.8442
1.98488e+014	0.980102	34.2259
1.98613e+014	0.980261	34.6075
1.98737e+014	0.980416	34.9892
1.98862e+014	0.980567	35.3709
1.98987e+014	0.980714	35.7525
1.99112e+014	0.980858	36.1342
1.99237e+014	0.980999	36.5159
1.99362e+014	0.981138	36.8975
1.99487e+014	0.981276	37.2792
1.99612e+014	0.981413	37.6608
1.99737e+014	0.981549	38.0425
1.99862e+014	0.981684	38.4241
('port 1',TE,1,'port 3',1,'transmission')
(101,3)
1.8737e+014	1.76603e-009	2.76331
1.87495e+014	1.7636e-009	2.82221
1.8762e+014	1.76121e-009	2.8811
1.87745e+014	1.75886e-009	2.94
1.8787e+014	1.75656e-009	2.9989
1.87995e+014	1.7543e-009	3.05779
1.8812e+014	1.75209e-009	3.11669
1.88245e+014	1.74991e-009	3.17558
1.8837e+014	1.74778e-009	3.23448
1.88495e+014	1.74569e-009	3.29337
1.88619e+014	1.74365e-009	3.35227
1.88744e+014	1.74164e-009	3.41117
1.88869e+014	1.73967e-009	3.47006
1.88994e+014	1.73775e-009	3.52896
1.89119e+014	1.73587e-009	3.58785
1.89244e+014	1.73403e-009	3.64675
1.89369e+014	1.73223e-009	3.70565
1.89494e+014	1.73047e-009	3.76454
1.89619e+014	1.72875e-009	3.82344
1.89744e+014	1.72707e-009	3.88233
1.89869e+014	1.72543e-009	3.94123
1.89993e+014	1.72383e-009	4.00013
1.90118e+014	1.72228e-009	4.05902
1.90243e+014	1.72076e-009	4.11792
1.90368e+014	1.71928e-009	4.17681
1.90493e+014	1.71784e-009	4.23571
1.90618e+014	1.71644e-009	4.29461
1.90743e+014	1.71508e-009	4.3535
1.90868e+014	1.71376e-009	4.4124
1.90993e+014	1.71248e-009	4.4713
1.91118e+014	1.71124e-009	4.53019
1.91243e+014	1.71004e-009	4.58909
1.91368e+014	1.70888e-009	4.64799
1.91492e+014	1.70775e-009	4.70688
1.91617e+014	1.70667e-009	4.76578
1.91742e+014	1.70562e-009	4.82468
1.91867e+014	1.70461e-009	4.88358
1.91992e+014	1.70365e-009	4.94247
1.92117e+014	1.70272e-009	5.00137
1.92242e+014	1.70182e-009	5.06027
1.92367e+014	1.70097e-009	5.11917
1.92492e+014	1.70015e-009	5.17806
1.92617e+014	1.69938e-009	5.23696
1.92742e+014	1.69864e-009	5.29586
1.92866e+014	1.69794e-009	5.35476
1.92991e+014	1.69727e-009	5.41366
1.93116e+014	1.69665e-009	5.47256
1.93241e+014	1.69606e-009	5.53146
1.93366e+014	1.69551e-009	5.59035
1.93491e+014	1.695e-009	5.64925
1.93616e+014	1.69453e-009	5.70815
1.93741e+014	1.69409e-009	5.76705
1.93866e+014	1.6937e-009	5.82595
1.93991e+014	1.69334e-009	5.88485
1.94116e+014	1.69301e-009	5.94375
1.94241e+014	1.69273e-009	6.00265
1.94365e+014	1.69248e-009	6.06155
1.9449e+014	1.69227e-009	6.12045
1.94615e+014	1.6921e-009	6.17935
1.9474e+014	1.69197e-009	6.23825
1.94865e+014	1.69187e-009	6.29715
1.9499e+014	1.69181e-009	6.35606
1.95115e+014	1.69179e-009	6.41496
1.9524e+014	1.6918e-009	6.47386
1.95365e+014	1.69186e-009	6.53276
1.9549e+014	1.69195e-009	6.59166
1.95615e+014	1.69208e-009	6.65056
1.95739e+014	1.69224e-009	6.70947
1.95864e+014	1.69244e-009	6.76837
1.95989e+014	1.69268e-009	6.82727
1.96114e+014	1.69296e-009	6.88617
1.96239e+014	1.69328e-009	6.94508
1.96364e+014	1.69363e-009	7.00398
1.96489e+014	1.69402e-009	7.06289
1.96614e+014	1.69445e-009	7.12179
1.96739e+014	1.69491e-009	7.18069
1.96864e+014	1.69542e-009	7.2396
1.96989e+014	1.69596e-009	7.2985
1.97114e+014	1.69654e-009	7.35741
1.97238e+014	1.69715e-009	7.41631
1.97363e+014	1.6978e-009	7.47522
1.97488e+014	1.6985e-009	7.53412
1.97613e+014	1.69923e-009	7.59303
1.97738e+014	1.69999e-009	7.65194
1.97863e+014	1.7008e-009	7.71084
1.97988e+014	1.70164e-009	7.76975
1.98113e+014	1.70252e-009	7.82866
1.98238e+014	1.70344e-009	7.88756
1.98363e+014	1.7044e-009	7.94647
1.98488e+014	1.70539e-009	8.00538
1.98613e+014	1.70643e-009	8.06429
1.98737e+014	1.7075e-009	8.12319
1.98862e+014	1.70861e-009	8.1821
1.98987e+014	1.70975e-009	8.24101
1.99112e+014	1.71094e-009	8.29992
1.99237e+014	1.71217e-009	8.35883
1.99362e+014	1.71343e-009	8.41774
1.99487e+014	1.71473e-009	8.47665
1.99612e+014	1.71607e-009	8.53556
1.99737e+014	1.71746e-009	8.59447
1.99862e+014	1.71887e-009	8.65338
('port 2',TE,1,'port 3',1,'transmission')
(101,3)
1.8737e+014	7.32737e-017	2.97482
1.87495e+014	7.31929e-017	3.03371
1.8762e+014	7.31139e-017	3.0926
1.87745e+014	7.30367e-017	3.15149
1.8787e+014	7.29611e-017	3.21037
1.87995e+014	7.28873e-017	3.26926
1.8812e+014	7.28152e-017	3.32815
1.88245e+014	7.27449e-017	3.38703
1.8837e+014	7.26762e-017	3.44592
1.88495e+014	7.26093e-017	3.5048
1.88619e+014	7.2544e-017	3.56369
1.88744e+014	7.24805e-017	3.62257
1.88869e+014	7.24186e-017	3.68146
1.88994e+014	7.23584e-017	3.74034
1.89119e+014	7.22999e-017	3.79923
1.89244e+014	7.22431e-017	3.85811
1.89369e+014	7.2188e-017	3.91699
1.89494e+014	7.21345e-017	3.97588
1.89619e+014	7.20827e-017	4.03476
1.89744e+014	7.20325e-017	4.09364
1.89869e+014	7.1984e-017	4.15252
1.89993e+014	7.19372e-017	4.21141
1.90118e+014	7.1892e-017	4.27029
1.90243e+014	7.18484e-017	4.32917
1.90368e+014	7.18065e-017	4.38805
1.90493e+014	7.17662e-017	4.44693
1.90618e+014	7.17276e-017	4.50581
1.90743e+014	7.16905e-017	4.56469
1.90868e+014	7.16552e-017	4.62357
1.90993e+014	7.16214e-017	4.68245
1.91118e+014	7.15892e-017	4.74133
1.91243e+014	7.15587e-017	4.80021
1.91368e+014	7.15298e-017	4.85909
1.91492e+014	7.15025e-017	4.91797
1.91617e+014	7.14768e-017	4.97685
1.91742e+014	7.14527e-017	5.03573
1.91867e+014	7.14303e-017	5.09461
1.91992e+014	7.14094e-017	5.15349
1.92117e+014	7.13901e-017	5.21236
1.92242e+014	7.13725e-017	5.27124
1.92367e+014	7.13564e-017	5.33012
1.92492e+014	7.13419e-017	5.389
1.92617e+014	7.13291e-017	5.44788
1.92742e+014	7.13178e-017	5.50675
1.92866e+014	7.13081e-017	5.56563
1.92991e+014	7.13e-017	5.62451
1.93116e+014	7.12935e-017	5.68338
1.93241e+014	7.12886e-017	5.74226
1.93366e+014	7.12852e-017	5.80114
1.93491e+014	7.12835e-017	5.86001
1.93616e+014	7.12834e-017	5.91889
1.93741e+014	7.12848e-017	5.97777
1.93866e+014	7.12878e-017	6.03664
1.93991e+014	7.12924e-017	6.09552
1.94116e+014	7.12986e-017	6.15439
1.94241e+014	7.13064e-017	6.21327
1.94365e+014	7.13158e-017	6.27214
1.9449e+014	7.13268e-017	6.33102
1.94615e+014	7.13393e-017	6.38989
1.9474e+014	7.13534e-017	6.44877
1.94865e+014	7.13692e-017	6.50764
1.9499e+014	7.13865e-017	6.56652
1.95115e+014	7.14054e-017	6.62539
1.9524e+014	7.14259e-017	6.68427
1.95365e+014	7.1448e-017	6.74314
1.9549e+014	7.14716e-017	6.80201
1.95615e+014	7.14969e-017	6.86089
1.95739e+014	7.15238e-017	6.91976
1.95864e+014	7.15522e-017	6.97864
1.95989e+014	7.15823e-017	7.03751
1.96114e+014	7.1614e-017	7.09638
1.96239e+014	7.16472e-017	7.15526
1.96364e+014	7.16821e-017	7.21413
1.96489e+014	7.17186e-017	7.273
1.96614e+014	7.17566e-017	7.33188
1.96739e+014	7.17963e-017	7.39075
1.96864e+014	7.18376e-017	7.44962
1.96989e+014	7.18805e-017	7.50849
1.97114e+014	7.19251e-017	7.56737
1.97238e+014	7.19712e-017	7.62624
1.97363e+014	7.2019e-017	7.68511
1.97488e+014	7.20684e-017	7.74399
1.97613e+014	7.21194e-017	7.80286
1.97738e+014	7.21721e-017	7.86173
1.97863e+014	7.22264e-017	7.9206
1.97988e+014	7.22823e-017	7.97948
1.98113e+014	7.23399e-017	8.03835
1.98238e+014	7.23991e-017	8.09722
1.98363e+014	7.246e-017	8.15609
1.98488e+014	7.25225e-017	8.21496
1.98613e+014	7.25867e-017	8.27384
1.98737e+014	7.26526e-017	8.33271
1.98862e+014	7.27201e-017	8.39158
1.98987e+014	7.27892e-017	8.45045
1.99112e+014	7.28601e-017	8.50932
1.99237e+014	7.29326e-017	8.5682
1.99362e+014	7.30069e-017	8.62707
1.99487e+014	7.30828e-017	8.68594
1.99612e+014	7.31604e-017	8.74481
1.99737e+014	7.32396e-017	8.80368
1.99862e+014	7.33206e-017	8.86256
('port 3',TE,1,'port 3',1,'transmission')
(101,3)
1.8737e+014	0.000666805	-3.05711
1.87495e+014	0.000647701	-3.05871
1.8762e+014	0.000628773	-3.0603
1.87745e+014	0.000610021	-3.06189
1.8787e+014	0.000591444	-3.06348
1.87995e+014	0.000573042	-3.06506
1.8812e+014	0.000554815	-3.06664
1.88245e+014	0.000536761	-3.06822
1.8837e+014	0.000518882	-3.06979
1.88495e+014	0.000501177	-3.07136
1.88619e+014	0.000483645	-3.07293
1.88744e+014	0.000466287	-3.07449
1.88869e+014	0.000449101	-3.07605
1.88994e+014	0.000432089	-3.07761
1.89119e+014	0.00041525	-3.07917
1.89244e+014	0.000398583	-3.08073
1.89369e+014	0.00038209	-3.08229
1.89494e+014	0.000365768	-3.08385
1.89619e+014	0.00034962	-3.08541
1.89744e+014	0.000333644	-3.08697
1.89869e+014	0.000317841	-3.08854
1.89993e+014	0.000302211	-3.09011
1.90118e+014	0.000286754	-3.09168
1.90243e+014	0.000271469	-3.09327
1.90368e+014	0.000256358	-3.09487
1.90493e+014	0.000241419	-3.09648
1.90618e+014	0.000226654	-3.09811
1.90743e+014	0.000212062	-3.09976
1.90868e+014	0.000197643	-3.10144
1.90993e+014	0.000183399	-3.10315
1.91118e+014	0.000169328	-3.1049
1.91243e+014	0.000155431	-3.10671
1.91368e+014	0.000141708	-3.1086
1.91492e+014	0.000128159	-3.11057
1.91617e+014	0.000114786	-3.11267
1.91742e+014	0.000101587	-3.11494
1.91867e+014	8.85632e-005	-3.11746
1.91992e+014	7.57148e-005	-3.12034
1.92117e+014	6.30421e-005	-3.1238
1.92242e+014	5.05453e-005	-3.12825
1.92367e+014	3.82252e-005	-3.13462
1.92492e+014	2.60829e-005	-3.14554
1.92617e+014	1.41231e-005	-3.17238
1.92742e+014	2.43729e-006	-3.44548
1.92866e+014	9.34168e-006	-6.17727
1.92991e+014	2.07635e-005	-6.22487
1.93116e+014	3.20213e-005	-6.23952
1.93241e+014	4.31047e-005	-6.2472
1.93366e+014	5.40118e-005	-6.25225
1.93491e+014	6.47421e-005	-6.25605
1.93616e+014	7.52951e-005	-6.25913
1.93741e+014	8.56707e-005	-6.26179
1.93866e+014	9.58686e-005	-6.26416
1.93991e+014	0.000105889	-6.26634
1.94116e+014	0.000115731	-6.26838
1.94241e+014	0.000125396	-6.27031
1.94365e+014	0.000134883	-6.27217
1.9449e+014	0.000144192	-6.27397
1.94615e+014	0.000153323	-6.27573
1.9474e+014	0.000162277	-6.27745
1.94865e+014	0.000171052	-6.27914
1.9499e+014	0.00017965	-6.28082
1.95115e+014	0.000188071	-6.28248
1.9524e+014	0.000196314	-6.28412
1.95365e+014	0.00020438	-6.28576
1.9549e+014	0.00021227	-6.28739
1.95615e+014	0.000219982	-6.28902
1.95739e+014	0.000227518	-6.29065
1.95864e+014	0.000234878	-6.29228
1.95989e+014	0.000242061	-6.29391
1.96114e+014	0.000249069	-6.29554
1.96239e+014	0.000255902	-6.29718
1.96364e+014	0.00026256	-6.29883
1.96489e+014	0.000269044	-6.30047
1.96614e+014	0.000275353	-6.30213
1.96739e+014	0.000281489	-6.3038
1.96864e+014	0.000287451	-6.30547
1.96989e+014	0.000293241	-6.30715
1.97114e+014	0.000298859	-6.30884
1.97238e+014	0.000304305	-6.31054
1.97363e+014	0.00030958	-6.31225
1.97488e+014	0.000314685	-6.31397
1.97613e+014	0.000319619	-6.31571
1.97738e+014	0.000324385	-6.31745
1.97863e+014	0.000328982	-6.31921
1.97988e+014	0.000333411	-6.32097
1.98113e+014	0.000337673	-6.32275
1.98238e+014	0.000341768	-6.32454
1.98363e+014	0.000345697	-6.32634
1.98488e+014	0.000349461	-6.32815
1.98613e+014	0.000353061	-6.32998
1.98737e+014	0.000356497	-6.33181
1.98862e+014	0.00035977	-6.33366
1.98987e+014	0.000362881	-6.33552
1.99112e+014	0.000365831	-6.33738
1.99237e+014	0.00036862	-6.33926
1.99362e+014	0.000371249	-6.34115
1.99487e+014	0.000373719	-6.34305
1.99612e+014	0.000376031	-6.34496
1.99737e+014	0.000378185	-6.34687
1.99862e+014	0.000380183	-6.3488
('port 4',TE,1,'port 3',1,'transmission')
(101,3)
1.8737e+014	5.43699e-006	-1.43526
1.87495e+014	5.15461e-006	-1.45028
1.8762e+014	4.89757e-006	-1.46954
1.87745e+014	4.6669e-006	-1.49303
1.8787e+014	4.46357e-006	-1.52059
1.87995e+014	4.28837e-006	-1.55186
1.8812e+014	4.14185e-006	-1.5863
1.88245e+014	4.02421e-006	-1.62313
1.8837e+014	3.93519e-006	-1.66142
1.88495e+014	3.87406e-006	-1.70011
1.88619e+014	3.83957e-006	-1.73808
1.88744e+014	3.83001e-006	-1.77428
1.88869e+014	3.84331e-006	-1.80778
1.88994e+014	3.87712e-006	-1.83781
1.89119e+014	3.92897e-006	-1.86382
1.89244e+014	3.99638e-006	-1.88547
1.89369e+014	4.07695e-006	-1.9026
1.89494e+014	4.16846e-006	-1.91521
1.89619e+014	4.26885e-006	-1.9234
1.89744e+014	4.37633e-006	-1.92737
1.89869e+014	4.48929e-006	-1.92736
1.89993e+014	4.60637e-006	-1.92363
1.90118e+014	4.72639e-006	-1.91647
1.90243e+014	4.84838e-006	-1.90615
1.90368e+014	4.97151e-006	-1.89293
1.90493e+014	5.09509e-006	-1.87707
1.90618e+014	5.21857e-006	-1.85879
1.90743e+014	5.34149e-006	-1.8383
1.90868e+014	5.46349e-006	-1.81581
1.90993e+014	5.58429e-006	-1.79148
1.91118e+014	5.70366e-006	-1.76548
1.91243e+014	5.82145e-006	-1.73794
1.91368e+014	5.93754e-006	-1.70901
1.91492e+014	6.05185e-006	-1.6788
1.91617e+014	6.16435e-006	-1.6474
1.91742e+014	6.27503e-006	-1.61493
1.91867e+014	6.3839e-006	-1.58147
1.91992e+014	6.49099e-006	-1.5471
1.92117e+014	6.59636e-006	-1.51189
1.92242e+014	6.70007e-006	-1.47591
1.92367e+014	6.80221e-006	-1.43923
1.92492e+014	6.90286e-006	-1.40189
1.92617e+014	7.00212e-006	-1.36395
1.92742e+014	7.10009e-006	-1.32547
1.92866e+014	7.19687e-006	-1.28648
1.92991e+014	7.29258e-006	-1.24703
1.93116e+014	7.38733e-006	-1.20717
1.93241e+014	7.48122e-006	-1.16692
1.93366e+014	7.57439e-006	-1.12633
1.93491e+014	7.66693e-006	-1.08543
1.93616e+014	7.75896e-006	-1.04425
1.93741e+014	7.85059e-006	-1.00282
1.93866e+014	7.94192e-006	-0.961174
1.93991e+014	8.03307e-006	-0.919341
1.94116e+014	8.12413e-006	-0.877346
1.94241e+014	8.2152e-006	-0.835216
1.94365e+014	8.30637e-006	-0.792976
1.9449e+014	8.39774e-006	-0.75065
1.94615e+014	8.48939e-006	-0.70826
1.9474e+014	8.58139e-006	-0.66583
1.94865e+014	8.67384e-006	-0.62338
1.9499e+014	8.76679e-006	-0.580932
1.95115e+014	8.86033e-006	-0.538504
1.9524e+014	8.9545e-006	-0.496117
1.95365e+014	9.04937e-006	-0.453788
1.9549e+014	9.14499e-006	-0.411534
1.95615e+014	9.24141e-006	-0.369373
1.95739e+014	9.33869e-006	-0.32732
1.95864e+014	9.43685e-006	-0.28539
1.95989e+014	9.53594e-006	-0.243599
1.96114e+014	9.636e-006	-0.201959
1.96239e+014	9.73704e-006	-0.160484
1.96364e+014	9.83912e-006	-0.119186
1.96489e+014	9.94224e-006	-0.0780768
1.96614e+014	1.00464e-005	-0.0371674
1.96739e+014	1.01517e-005	0.00353184
1.96864e+014	1.02581e-005	0.0440113
1.96989e+014	1.03656e-005	0.0842618
1.97114e+014	1.04743e-005	0.124275
1.97238e+014	1.05842e-005	0.164043
1.97363e+014	1.06952e-005	0.203559
1.97488e+014	1.08074e-005	0.242816
1.97613e+014	1.09208e-005	0.281808
1.97738e+014	1.10355e-005	0.32053
1.97863e+014	1.11513e-005	0.358975
1.97988e+014	1.12685e-005	0.397141
1.98113e+014	1.13869e-005	0.435023
1.98238e+014	1.15066e-005	0.472618
1.98363e+014	1.16276e-005	0.509922
1.98488e+014	1.175e-005	0.546933
1.98613e+014	1.18737e-005	0.58365
1.98737e+014	1.19988e-005	0.620069
1.98862e+014	1.21254e-005	0.656191
1.98987e+014	1.22534e-005	0.692014
1.99112e+014	1.23829e-005	0.727538
1.99237e+014	1.25139e-005	0.762763
1.99362e+014	1.26465e-005	0.797689
1.99487e+014	1.27807e-005	0.832318
1.99612e+014	1.29166e-005	0.866649
1.99737e+014	1.30542e-005	0.900685
1.99862e+014	1.31936e-005	0.934427
('port 1',TE,1,'port 4',1,'transmission')
(101,3)
1.8737e+014	0.291176	-1.44915
1.87495e+014	0.289837	-1.13097
1.8762e+014	0.288503	-0.812784
1.87745e+014	0.287174	-0.4946
1.8787e+014	0.285852	-0.176415
1.87995e+014	0.284536	0.141769
1.8812e+014	0.283226	0.459952
1.88245e+014	0.281924	0.778136
1.8837e+014	0.280628	1.09632
1.88495e+014	0.279339	1.41451
1.88619e+014	0.278056	1.73269
1.88744e+014	0.276781	2.05088
1.88869e+014	0.275512	2.36907
1.88994e+014	0.274249	2.68727
1.89119e+014	0.272993	3.00546
1.89244e+014	0.271743	3.32366
1.89369e+014	0.270498	3.64186
1.89494e+014	0.26926	3.96006
1.89619e+014	0.268027	4.27826
1.89744e+014	0.2668	4.59646
1.89869e+014	0.265578	4.91466
1.89993e+014	0.264363	5.23286
1.90118e+014	0.263154	5.55106
1.90243e+014	0.261951	5.86926
1.90368e+014	0.260754	6.18746
1.90493e+014	0.259564	6.50566
1.90618e+014	0.25838	6.82387
1.90743e+014	0.257202	7.14207
1.90868e+014	0.256029	7.46029
1.90993e+014	0.254862	7.7785
1.91118e+014	0.2537	8.09672
1.91243e+014	0.252543	8.41494
1.91368e+014	0.251392	8.73316
1.91492e+014	0.250245	9.05138
1.91617e+014	0.249104	9.3696
1.91742e+014	0.247969	9.68783
1.91867e+014	0.246839	10.006
1.91992e+014	0.245714	10.3243
1.92117e+014	0.244595	10.6425
1.92242e+014	0.243482	10.9607
1.92367e+014	0.242375	11.2789
1.92492e+014	0.241275	11.5971
1.92617e+014	0.240181	11.9154
1.92742e+014	0.239093	12.2336
1.92866e+014	0.238011	12.5518
1.92991e+014	0.236934	12.87
1.93116e+014	0.235863	13.1883
1.93241e+014	0.234797	13.5065
1.93366e+014	0.233736	13.8247
1.93491e+014	0.23268	14.143
1.93616e+014	0.231628	14.4612
1.93741e+014	0.230582	14.7794
1.93866e+014	0.229541	15.0976
1.93991e+014	0.228506	15.4159
1.94116e+014	0.227476	15.7341
1.94241e+014	0.226452	16.0523
1.94365e+014	0.225434	16.3705
1.9449e+014	0.224422	16.6888
1.94615e+014	0.223414	17.007
1.9474e+014	0.222412	17.3252
1.94865e+014	0.221414	17.6435
1.9499e+014	0.220421	17.9617
1.95115e+014	0.219431	18.2799
1.9524e+014	0.218446	18.5982
1.95365e+014	0.217465	18.9164
1.9549e+014	0.216487	19.2347
1.95615e+014	0.215514	19.5529
1.95739e+014	0.214544	19.8712
1.95864e+014	0.213578	20.1894
1.95989e+014	0.212617	20.5076
1.96114e+014	0.21166	20.8259
1.96239e+014	0.210709	21.1441
1.96364e+014	0.209763	21.4623
1.96489e+014	0.208822	21.7805
1.96614e+014	0.207887	22.0988
1.96739e+014	0.206958	22.417
1.96864e+014	0.206034	22.7352
1.96989e+014	0.205116	23.0534
1.97114e+014	0.204202	23.3716
1.97238e+014	0.203293	23.6899
1.97363e+014	0.202388	24.0081
1.97488e+014	0.201487	24.3263
1.97613e+014	0.20059	24.6446
1.97738e+014	0.199698	24.9628
1.97863e+014	0.198809	25.281
1.97988e+014	0.197924	25.5993
1.98113e+014	0.197043	25.9175
1.98238e+014	0.196166	26.2357
1.98363e+014	0.195293	26.554
1.98488e+014	0.194424	26.8722
1.98613e+014	0.193558	27.1905
1.98737e+014	0.192696	27.5087
1.98862e+014	0.191838	27.827
1.98987e+014	0.190983	28.1453
1.99112e+014	0.190132	28.4635
1.99237e+014	0.189285	28.7818
1.99362e+014	0.188442	29.1001
1.99487e+014	0.187603	29.4183
1.99612e+014	0.186768	29.7366
1.99737e+014	0.185938	30.0548
1.99862e+014	0.185113	30.3731
('port 2',TE,1,'port 4',1,'transmission')
(101,3)
1.8737e+014	0.955577	0.256683
1.87495e+014	0.955997	0.638373
1.8762e+014	0.95641	1.02006
1.87745e+014	0.956816	1.40175
1.8787e+014	0.957214	1.78344
1.87995e+014	0.957605	2.16513
1.8812e+014	0.957989	2.54682
1.88245e+014	0.958366	2.92851
1.8837e+014	0.958736	3.3102
1.88495e+014	0.959101	3.69189
1.88619e+014	0.959461	4.07357
1.88744e+014	0.959817	4.45525
1.88869e+014	0.96017	4.83693
1.88994e+014	0.96052	5.21861
1.89119e+014	0.960869	5.60029
1.89244e+014	0.961216	5.98197
1.89369e+014	0.961562	6.36365
1.89494e+014	0.961907	6.74534
1.89619e+014	0.96225	7.12702
1.89744e+014	0.96259	7.50871
1.89869e+014	0.962927	7.89041
1.89993e+014	0.96326	8.27211
1.90118e+014	0.963589	8.65381
1.90243e+014	0.963914	9.03551
1.90368e+014	0.964234	9.41722
1.90493e+014	0.964549	9.79892
1.90618e+014	0.964858	10.1806
1.90743e+014	0.965163	10.5623
1.90868e+014	0.965462	10.944
1.90993e+014	0.965758	11.3258
1.91118e+014	0.96605	11.7075
1.91243e+014	0.966339	12.0892
1.91368e+014	0.966627	12.4709
1.91492e+014	0.966914	12.8526
1.91617e+014	0.9672	13.2343
1.91742e+014	0.967485	13.6159
1.91867e+014	0.967769	13.9976
1.91992e+014	0.968051	14.3793
1.92117e+014	0.968332	14.761
1.92242e+014	0.968611	15.1427
1.92367e+014	0.96889	15.5244
1.92492e+014	0.969167	15.9061
1.92617e+014	0.969444	16.2878
1.92742e+014	0.96972	16.6695
1.92866e+014	0.969996	17.0512
1.92991e+014	0.970271	17.4329
1.93116e+014	0.970544	17.8146
1.93241e+014	0.970816	18.1963
1.93366e+014	0.971086	18.578
1.93491e+014	0.971355	18.9596
1.93616e+014	0.971623	19.3413
1.93741e+014	0.971891	19.723
1.93866e+014	0.97216	20.1047
1.93991e+014	0.97243	20.4864
1.94116e+014	0.972701	20.868
1.94241e+014	0.972972	21.2497
1.94365e+014	0.973242	21.6314
1.9449e+014	0.97351	22.0131
1.94615e+014	0.973775	22.3948
1.9474e+014	0.974036	22.7765
1.94865e+014	0.974292	23.1581
1.9499e+014	0.974544	23.5398
1.95115e+014	0.97479	23.9215
1.9524e+014	0.97503	24.3032
1.95365e+014	0.975265	24.6848
1.9549e+014	0.975492	25.0665
1.95615e+014	0.975714	25.4482
1.95739e+014	0.975928	25.8299
1.95864e+014	0.976136	26.2115
1.95989e+014	0.976338	26.5932
1.96114e+014	0.976536	26.9748
1.96239e+014	0.976731	27.3564
1.96364e+014	0.976924	27.7381
1.96489e+014	0.977117	28.1197
1.96614e+014	0.97731	28.5013
1.96739e+014	0.977503	28.8829
1.96864e+014	0.977698	29.2646
1.96989e+014	0.977893	29.6462
1.97114e+014	0.978089	30.0278
1.97238e+014	0.978284	30.4094
1.97363e+014	0.978478	30.7911
1.97488e+014	0.978671	31.1727
1.97613e+014	0.978862	31.5543
1.97738e+014	0.97905	31.936
1.97863e+014	0.979236	32.3176
1.97988e+014	0.979418	32.6993
1.98113e+014	0.979596	33.0809
1.98238e+014	0.97977	33.4626
1.98363e+014	0.979938	33.8442
1.98488e+014	0.980102	34.2259
1.98613e+014	0.980261	34.6075
1.98737e+014	0.980416	34.9892
1.98862e+014	0.980567	35.3709
1.98987e+014	0.980714	35.7525
1.99112e+014	0.980858	36.1342
1.99237e+014	0.980999	36.5159
1.99362e+014	0.981138	36.8975
1.99487e+014	0.981276	37.2792
1.99612e+014	0.981413	37.6608
1.99737e+014	0.981549	38.0425
1.99862e+014	0.981684	38.4241
('port 3',TE,1,'port 4',1,'transmission')
(101,3)
1.8737e+014	0.000481054	-1.23892
1.87495e+014	0.000377683	-0.941663
1.8762e+014	0.000304048	-0.869291
1.87745e+014	0.000327129	-0.957885
1.8787e+014	0.000456783	-0.862723
1.87995e+014	0.000642231	-0.56294
1.8812e+014	0.000850448	-0.161686
1.88245e+014	0.00106456	0.287768
1.8837e+014	0.00127332	0.762318
1.88495e+014	0.00146768	1.25134
1.88619e+014	0.00163989	1.74961
1.88744e+014	0.00178349	2.25446
1.88869e+014	0.00189341	2.7645
1.88994e+014	0.00196615	3.27903
1.89119e+014	0.0019998	3.79769
1.89244e+014	0.00199391	4.32028
1.89369e+014	0.00194934	4.84666
1.89494e+014	0.00186788	5.37665
1.89619e+014	0.00175199	5.91006
1.89744e+014	0.00160444	6.44668
1.89869e+014	0.00142809	6.98636
1.89993e+014	0.00122585	7.52922
1.90118e+014	0.00100061	8.07601
1.90243e+014	0.000755435	8.62938
1.90368e+014	0.000493737	9.19905
1.90493e+014	0.000220386	9.8464
1.90618e+014	8.07186e-005	12.7822
1.90743e+014	0.000361249	13.7565
1.90868e+014	0.000650612	14.3482
1.90993e+014	0.00093636	14.9073
1.91118e+014	0.00121329	15.4568
1.91243e+014	0.00147676	16.0022
1.91368e+014	0.00172247	16.5456
1.91492e+014	0.00194651	17.0877
1.91617e+014	0.00214537	17.629
1.91742e+014	0.00231591	18.1699
1.91867e+014	0.00245546	18.7104
1.91992e+014	0.00256177	19.2507
1.92117e+014	0.00263318	19.7911
1.92242e+014	0.00266868	20.3318
1.92367e+014	0.00266808	20.8733
1.92492e+014	0.00263215	21.4161
1.92617e+014	0.00256268	21.9609
1.92742e+014	0.00246257	22.5085
1.92866e+014	0.00233579	23.0602
1.92991e+014	0.00218733	23.6172
1.93116e+014	0.00202306	24.1811
1.93241e+014	0.00184959	24.7541
1.93366e+014	0.00167408	25.3383
1.93491e+014	0.00150407	25.9361
1.93616e+014	0.00134715	26.5497
1.93741e+014	0.00121046	27.1797
1.93866e+014	0.00109979	27.8237
1.93991e+014	0.00101829	28.475
1.94116e+014	0.000965369	29.1226
1.94241e+014	0.000936605	29.7539
1.94365e+014	0.000925218	30.3587
1.9449e+014	0.000924395	30.9308
1.94615e+014	0.00092926	31.468
1.9474e+014	0.000937882	31.9708
1.94865e+014	0.000951367	32.4418
1.9499e+014	0.000973214	32.8857
1.95115e+014	0.00100806	33.3096
1.9524e+014	0.00106007	33.7227
1.95365e+014	0.00113139	34.1345
1.9549e+014	0.00122151	34.553
1.95615e+014	0.00132747	34.9835
1.95739e+014	0.00144469	35.4281
1.95864e+014	0.00156793	35.8871
1.95989e+014	0.00169198	36.3594
1.96114e+014	0.00181202	36.8434
1.96239e+014	0.00192379	37.3375
1.96364e+014	0.00202367	37.8401
1.96489e+014	0.00210857	38.3499
1.96614e+014	0.00217599	38.8659
1.96739e+014	0.00222389	39.387
1.96864e+014	0.00225077	39.9126
1.96989e+014	0.00225565	40.4422
1.97114e+014	0.00223805	40.9754
1.97238e+014	0.00219805	41.512
1.97363e+014	0.00213622	42.0519
1.97488e+014	0.0020536	42.5951
1.97613e+014	0.00195162	43.1416
1.97738e+014	0.00183202	43.6919
1.97863e+014	0.00169685	44.2464
1.97988e+014	0.00154838	44.806
1.98113e+014	0.00138922	45.3724
1.98238e+014	0.0012224	45.9483
1.98363e+014	0.00105162	46.5381
1.98488e+014	0.000881666	47.1499
1.98613e+014	0.000719182	47.7973
1.98737e+014	0.000574092	48.5032
1.98862e+014	0.000461679	49.2974
1.98987e+014	0.000401414	50.1841
1.99112e+014	0.000402009	51.0842
1.99237e+014	0.000445664	51.8977
1.99362e+014	0.000503926	52.6069
1.99487e+014	0.000556279	53.2386
1.99612e+014	0.000591223	53.8173
1.99737e+014	0.0006029	54.3565
1.99862e+014	0.0005891	54.8608
('port 4',TE,1,'port 4',1,'transmission')
(101,3)
1.8737e+014	0.000183732	2.60595
1.87495e+014	0.000249798	3.22876
1.8762e+014	0.000301176	3.6962
1.87745e+014	0.00032127	4.1036
1.8787e+014	0.000302665	4.49113
1.87995e+014	0.000243538	4.89045
1.8812e+014	0.000148116	5.38697
1.88245e+014	5.70177e-005	6.84415
1.8837e+014	0.00016682	8.4343
1.88495e+014	0.000335781	8.92746
1.88619e+014	0.000510851	9.29654
1.88744e+014	0.000677251	9.63
1.88869e+014	0.000823137	9.94653
1.88994e+014	0.000938917	10.2521
1.89119e+014	0.00101782	10.5491
1.89244e+014	0.00105643	10.8381
1.89369e+014	0.00105483	11.1194
1.89494e+014	0.00101649	11.3932
1.89619e+014	0.000947579	11.6601
1.89744e+014	0.000855995	11.9224
1.89869e+014	0.000750042	12.1854
1.89993e+014	0.000637254	12.4603
1.90118e+014	0.000524103	12.769
1.90243e+014	0.000418238	13.1533
1.90368e+014	0.000336123	13.6831
1.90493e+014	0.000313126	14.3885
1.90618e+014	0.000377335	15.0868
1.90743e+014	0.000506852	15.6249
1.90868e+014	0.000665995	16.045
1.90993e+014	0.000829193	16.4054
1.91118e+014	0.000976531	16.7363
1.91243e+014	0.0010905	17.0513
1.91368e+014	0.0011559	17.3556
1.91492e+014	0.00116089	17.6499
1.91617e+014	0.0010985	17.9306
1.91742e+014	0.000968279	18.1876
1.91867e+014	0.000778959	18.3949
1.91992e+014	0.000556684	18.4771
1.92117e+014	0.000383314	18.2186
1.92242e+014	0.000439092	17.6971
1.92367e+014	0.000687021	17.5862
1.92492e+014	0.000972653	17.7308
1.92617e+014	0.00123249	17.9691
1.92742e+014	0.00143552	18.2487
1.92866e+014	0.00156242	18.5502
1.92991e+014	0.00160206	18.8652
1.93116e+014	0.00155104	19.1895
1.93241e+014	0.00141345	19.521
1.93366e+014	0.00120028	19.8587
1.93491e+014	0.00092836	20.2024
1.93616e+014	0.000618701	20.5521
1.93741e+014	0.00029456	20.9098
1.93866e+014	2.07914e-005	18.0577
1.93991e+014	0.00030598	18.4911
1.94116e+014	0.000543984	18.8732
1.94241e+014	0.000723241	19.2662
1.94365e+014	0.0008389	19.6741
1.9449e+014	0.000893118	20.1014
1.94615e+014	0.000894584	20.5527
1.9474e+014	0.000857027	21.0328
1.94865e+014	0.000796437	21.5448
1.9499e+014	0.00072686	22.0869
1.95115e+014	0.000655655	22.6521
1.9524e+014	0.000580963	23.2326
1.95365e+014	0.000494549	23.8334
1.9549e+014	0.000391057	24.4976
1.95615e+014	0.000289328	25.3668
1.95739e+014	0.000281633	26.5723
1.95864e+014	0.000440533	27.5598
1.95989e+014	0.000689875	28.2048
1.96114e+014	0.000972272	28.7026
1.96239e+014	0.00125655	29.1338
1.96364e+014	0.00151831	29.5286
1.96489e+014	0.00173634	29.9
1.96614e+014	0.00189302	30.2546
1.96739e+014	0.00197537	30.5958
1.96864e+014	0.00197598	30.925
1.96989e+014	0.00189361	31.2423
1.97114e+014	0.00173331	31.5462
1.97238e+014	0.00150619	31.8324
1.97363e+014	0.00122909	32.0914
1.97488e+014	0.000924979	32.3004
1.97613e+014	0.000627371	32.3969
1.97738e+014	0.000403431	32.2083
1.97863e+014	0.000381717	31.7095
1.97988e+014	0.00052944	31.5186
1.98113e+014	0.000693054	31.6072
1.98238e+014	0.000812371	31.8032
1.98363e+014	0.000869142	32.0438
1.98488e+014	0.000859304	32.3052
1.98613e+014	0.000786475	32.5759
1.98737e+014	0.000659758	32.8477
1.98862e+014	0.000492478	33.1084
1.98987e+014	0.000301584	33.3214
1.99112e+014	0.000114323	33.2126
1.99237e+014	0.000124189	31.63
1.99362e+014	0.000281868	31.6126
1.99487e+014	0.00041263	31.87
1.99612e+014	0.000500062	32.1928
1.99737e+014	0.000539971	32.558
1.99862e+014	0.000535723	32.9704
