('port 1',TE,1,'port 1',1,'transmission')
(101,3)
1.8737e+014	0.00171219	0.795079
1.87495e+014	0.00260555	1.9099
1.8762e+014	0.00332497	2.82185
1.87745e+014	0.00349035	3.72049
1.8787e+014	0.00314049	4.72487
1.87995e+014	0.00278659	5.93958
1.8812e+014	0.00306008	7.23155
1.88245e+014	0.00370493	8.34464
1.8837e+014	0.00405964	9.32676
1.88495e+014	0.00385657	10.2975
1.88619e+014	0.00328708	11.3635
1.88744e+014	0.00289202	12.5856
1.88869e+014	0.00302168	13.809
1.88994e+014	0.0032959	14.8676
1.89119e+014	0.00325281	15.8102
1.89244e+014	0.00280495	16.7296
1.89369e+014	0.00217397	17.716
1.89494e+014	0.00173511	18.8305
1.89619e+014	0.00170331	19.9286
1.89744e+014	0.00190102	20.8235
1.89869e+014	0.00213536	21.579
1.89993e+014	0.00233666	22.3297
1.90118e+014	0.00247394	23.1781
1.90243e+014	0.00262225	24.1752
1.90368e+014	0.00298886	25.28
1.90493e+014	0.00365381	26.3803
1.90618e+014	0.00441527	27.4337
1.90743e+014	0.00502685	28.4751
1.90868e+014	0.00542584	29.5482
1.90993e+014	0.00576893	30.6703
1.91118e+014	0.00625582	31.8177
1.91243e+014	0.00688497	32.9531
1.91368e+014	0.00746864	34.0683
1.91492e+014	0.00786619	35.1826
1.91617e+014	0.0081196	36.3149
1.91742e+014	0.00837714	37.4658
1.91867e+014	0.00870767	38.6194
1.91992e+014	0.00902928	39.7644
1.92117e+014	0.00923059	40.9052
1.92242e+014	0.00930111	42.0528
1.92367e+014	0.00931761	43.211
1.92492e+014	0.00933252	44.3744
1.92617e+014	0.009318	45.5376
1.92742e+014	0.00922891	46.7024
1.92866e+014	0.00907503	47.8734
1.92991e+014	0.00889663	49.0507
1.93116e+014	0.00869228	50.2306
1.93241e+014	0.00842248	51.4143
1.93366e+014	0.00809312	52.6095
1.93491e+014	0.00778551	53.8202
1.93616e+014	0.00755938	55.0378
1.93741e+014	0.00735611	56.2515
1.93866e+014	0.00707477	57.4673
1.93991e+014	0.00674151	58.705
1.94116e+014	0.00652983	59.971
1.94241e+014	0.00654525	61.2391
1.94365e+014	0.00665451	62.4835
1.9449e+014	0.00666635	63.7158
1.94615e+014	0.00660926	64.9673
1.9474e+014	0.00672088	66.2417
1.94865e+014	0.00711421	67.5004
1.9499e+014	0.00758032	68.717
1.95115e+014	0.00786172	69.9118
1.9524e+014	0.00797368	71.1202
1.95365e+014	0.00818448	72.3502
1.9549e+014	0.00865816	73.5702
1.95615e+014	0.00920338	74.7533
1.95739e+014	0.00951585	75.9127
1.95864e+014	0.00954645	77.0814
1.95989e+014	0.00956157	78.2764
1.96114e+014	0.00982474	79.4763
1.96239e+014	0.0102366	80.6483
1.96364e+014	0.0104546	81.7916
1.96489e+014	0.0103133	82.9354
1.96614e+014	0.0100179	84.1068
1.96739e+014	0.00992403	85.2992
1.96864e+014	0.0100892	86.4752
1.96989e+014	0.0101839	87.6163
1.97114e+014	0.00990914	88.7442
1.97238e+014	0.00934113	89.8959
1.97363e+014	0.00886675	91.0851
1.97488e+014	0.00873557	92.2772
1.97613e+014	0.00871877	93.4305
1.97738e+014	0.00841043	94.5518
1.97863e+014	0.00771275	95.6855
1.97988e+014	0.00695253	96.8726
1.98113e+014	0.00654608	98.0966
1.98238e+014	0.00645062	99.2863
1.98363e+014	0.00621341	100.418
1.98488e+014	0.00556428	101.543
1.98613e+014	0.00471099	102.739
1.98737e+014	0.00417194	104.033
1.98862e+014	0.00411893	105.311
1.98987e+014	0.00407452	106.489
1.99112e+014	0.00363731	107.639
1.99237e+014	0.00295815	108.902
1.99362e+014	0.00267593	110.349
1.99487e+014	0.00302347	111.723
1.99612e+014	0.00335792	112.917
1.99737e+014	0.00327595	114.083
1.99862e+014	0.00301588	115.371
('port 2',TE,1,'port 1',1,'transmission')
(101,3)
1.8737e+014	0.000656014	-0.289401
1.87495e+014	0.000748605	0.846327
1.8762e+014	0.000860104	1.92203
1.87745e+014	0.000942632	2.96135
1.8787e+014	0.000971123	4.0032
1.87995e+014	0.000952063	5.08202
1.8812e+014	0.000919647	6.21796
1.88245e+014	0.000915873	7.39763
1.8837e+014	0.000956817	8.57317
1.88495e+014	0.00101958	9.70732
1.88619e+014	0.00106729	10.8009
1.88744e+014	0.00107611	11.8765
1.88869e+014	0.00104465	12.9606
1.88994e+014	0.000992689	14.0752
1.89119e+014	0.000952568	15.2268
1.89244e+014	0.000950124	16.3934
1.89369e+014	0.000983765	17.5371
1.89494e+014	0.00102576	18.639
1.89619e+014	0.00104474	19.7098
1.89744e+014	0.00102505	20.776
1.89869e+014	0.000974759	21.868
1.89993e+014	0.000924172	23.0066
1.90118e+014	0.000909395	24.1817
1.90243e+014	0.000941335	25.3486
1.90368e+014	0.000992827	26.4736
1.90493e+014	0.00102368	27.5623
1.90618e+014	0.00101003	28.6445
1.90743e+014	0.000956892	29.755
1.90868e+014	0.000896521	30.919
1.90993e+014	0.000869316	32.1274
1.91118e+014	0.000887741	33.3301
1.91243e+014	0.000922003	34.4879
1.91368e+014	0.000930131	35.6064
1.91492e+014	0.000890122	36.7183
1.91617e+014	0.000810797	37.8629
1.91742e+014	0.000727598	39.071
1.91867e+014	0.000681135	40.3313
1.91992e+014	0.00067882	41.5783
1.92117e+014	0.000685138	42.7644
1.92242e+014	0.00065964	43.9032
1.92367e+014	0.00058773	45.0421
1.92492e+014	0.000487494	46.2449
1.92617e+014	0.000404672	47.5696
1.92742e+014	0.000380928	48.9597
1.92866e+014	0.000396681	50.2542
1.92991e+014	0.000396193	51.4277
1.93116e+014	0.000349624	52.5562
1.93241e+014	0.00026436	53.7468
1.93366e+014	0.000183709	55.1792
1.93491e+014	0.000171699	56.8344
1.93616e+014	0.000203345	58.2107
1.93741e+014	0.000205891	59.3467
1.93866e+014	0.000155628	60.4192
1.93991e+014	6.50772e-005	61.6898
1.94116e+014	6.22529e-005	64.8104
1.94241e+014	0.000152918	66.1166
1.94365e+014	0.000204713	67.227
1.9449e+014	0.000208348	68.4336
1.94615e+014	0.00019868	69.8907
1.9474e+014	0.000248196	71.4644
1.94865e+014	0.000357241	72.8046
1.9499e+014	0.0004656	73.98
1.95115e+014	0.000532574	75.1185
1.9524e+014	0.000550523	76.301
1.95365e+014	0.00055084	77.58
1.9549e+014	0.000590658	78.9315
1.95615e+014	0.00069232	80.2439
1.95739e+014	0.000814145	81.4685
1.95864e+014	0.000902461	82.6448
1.95989e+014	0.000935066	83.8299
1.96114e+014	0.00093533	85.0688
1.96239e+014	0.000960606	86.3645
1.96364e+014	0.00104958	87.6595
1.96489e+014	0.00117586	88.9004
1.96614e+014	0.00128	90.0941
1.96739e+014	0.00132552	91.2792
1.96864e+014	0.00132339	92.4934
1.96989e+014	0.00132386	93.7508
1.97114e+014	0.00137383	95.0248
1.97238e+014	0.00146799	96.2726
1.97363e+014	0.00155648	97.4818
1.97488e+014	0.00159478	98.6723
1.97613e+014	0.00157596	99.8734
1.97738e+014	0.00153154	101.105
1.97863e+014	0.00150705	102.366
1.97988e+014	0.00152342	103.628
1.98113e+014	0.00155818	104.867
1.98238e+014	0.00156765	106.079
1.98363e+014	0.00152183	107.285
1.98488e+014	0.00142436	108.512
1.98613e+014	0.00131449	109.785
1.98737e+014	0.00124535	111.1
1.98862e+014	0.00123461	112.413
1.98987e+014	0.00123825	113.688
1.99112e+014	0.00119453	114.936
1.99237e+014	0.00108558	116.214
1.99362e+014	0.000969257	117.586
1.99487e+014	0.000951148	119.042
1.99612e+014	0.00105183	120.448
1.99737e+014	0.00116749	121.752
1.99862e+014	0.0012126	123.022
('port 3',TE,1,'port 1',1,'transmission')
(101,3)
1.8737e+014	0.406351	-3.04946
1.87495e+014	0.398444	-2.43449
1.8762e+014	0.390555	-1.81968
1.87745e+014	0.382685	-1.20505
1.8787e+014	0.374836	-0.590597
1.87995e+014	0.36701	0.0236532
1.8812e+014	0.359208	0.637696
1.88245e+014	0.351431	1.25152
1.8837e+014	0.343681	1.8651
1.88495e+014	0.335958	2.47843
1.88619e+014	0.328265	3.0915
1.88744e+014	0.320604	3.70427
1.88869e+014	0.312975	4.31674
1.88994e+014	0.30538	4.92888
1.89119e+014	0.297821	5.54066
1.89244e+014	0.290301	6.15207
1.89369e+014	0.282822	6.76307
1.89494e+014	0.275384	7.37364
1.89619e+014	0.267991	7.98374
1.89744e+014	0.260644	8.59334
1.89869e+014	0.253346	9.20239
1.89993e+014	0.246101	9.81087
1.90118e+014	0.23891	10.4187
1.90243e+014	0.231778	11.0259
1.90368e+014	0.224708	11.6323
1.90493e+014	0.217704	12.2379
1.90618e+014	0.21077	12.8426
1.90743e+014	0.203909	13.4464
1.90868e+014	0.197128	14.0491
1.90993e+014	0.190433	14.6507
1.91118e+014	0.183829	15.2511
1.91243e+014	0.177324	15.8501
1.91368e+014	0.170925	16.4476
1.91492e+014	0.16464	17.0435
1.91617e+014	0.158481	17.6377
1.91742e+014	0.152459	18.2299
1.91867e+014	0.146587	18.82
1.91992e+014	0.140878	19.4078
1.92117e+014	0.135348	19.993
1.92242e+014	0.130016	20.5756
1.92367e+014	0.124902	21.1552
1.92492e+014	0.12003	21.7316
1.92617e+014	0.115421	22.3047
1.92742e+014	0.111105	22.8742
1.92866e+014	0.107109	23.4401
1.92991e+014	0.103467	24.0022
1.93116e+014	0.100209	24.5607
1.93241e+014	0.0973661	25.1156
1.93366e+014	0.0949689	25.6672
1.93491e+014	0.0930444	26.216
1.93616e+014	0.0916154	26.7626
1.93741e+014	0.0906975	27.3076
1.93866e+014	0.0902986	27.8519
1.93991e+014	0.0904177	28.3963
1.94116e+014	0.0910456	28.9418
1.94241e+014	0.0921648	29.489
1.94365e+014	0.0937507	30.0387
1.9449e+014	0.0957725	30.5913
1.94615e+014	0.098196	31.1474
1.9474e+014	0.100986	31.7071
1.94865e+014	0.104105	32.2706
1.9499e+014	0.10752	32.8377
1.95115e+014	0.111197	33.4085
1.9524e+014	0.115104	33.9828
1.95365e+014	0.119214	34.5605
1.9549e+014	0.123501	35.1412
1.95615e+014	0.127943	35.7248
1.95739e+014	0.132517	36.3111
1.95864e+014	0.137207	36.8999
1.95989e+014	0.141995	37.4909
1.96114e+014	0.146867	38.084
1.96239e+014	0.151812	38.679
1.96364e+014	0.156818	39.2757
1.96489e+014	0.161876	39.874
1.96614e+014	0.166977	40.4738
1.96739e+014	0.172114	41.0749
1.96864e+014	0.17728	41.6772
1.96989e+014	0.182469	42.2807
1.97114e+014	0.187676	42.8852
1.97238e+014	0.192894	43.4906
1.97363e+014	0.198122	44.0969
1.97488e+014	0.203355	44.704
1.97613e+014	0.208591	45.3118
1.97738e+014	0.213825	45.9203
1.97863e+014	0.219055	46.5294
1.97988e+014	0.22428	47.1392
1.98113e+014	0.229496	47.7495
1.98238e+014	0.234703	48.3603
1.98363e+014	0.239897	48.9716
1.98488e+014	0.245076	49.5833
1.98613e+014	0.250241	50.1954
1.98737e+014	0.255389	50.8079
1.98862e+014	0.26052	51.4208
1.98987e+014	0.265633	52.034
1.99112e+014	0.270727	52.6476
1.99237e+014	0.275801	53.2614
1.99362e+014	0.280855	53.8755
1.99487e+014	0.285887	54.4899
1.99612e+014	0.290897	55.1046
1.99737e+014	0.295882	55.7194
1.99862e+014	0.300845	56.3345
('port 4',TE,1,'port 1',1,'transmission')
(101,3)
1.8737e+014	0.912896	2.025
1.87495e+014	0.91638	2.70818
1.8762e+014	0.919774	3.39137
1.87745e+014	0.923078	4.07457
1.8787e+014	0.926293	4.75778
1.87995e+014	0.929421	5.441
1.8812e+014	0.932463	6.12422
1.88245e+014	0.935419	6.80746
1.8837e+014	0.938289	7.4907
1.88495e+014	0.941074	8.17395
1.88619e+014	0.943778	8.85721
1.88744e+014	0.946401	9.54048
1.88869e+014	0.948942	10.2238
1.88994e+014	0.951403	10.907
1.89119e+014	0.953786	11.5903
1.89244e+014	0.956092	12.2736
1.89369e+014	0.958323	12.9569
1.89494e+014	0.960477	13.6403
1.89619e+014	0.962556	14.3236
1.89744e+014	0.964561	15.0069
1.89869e+014	0.966493	15.6903
1.89993e+014	0.968353	16.3736
1.90118e+014	0.970141	17.057
1.90243e+014	0.971858	17.7403
1.90368e+014	0.973507	18.4237
1.90493e+014	0.975088	19.1071
1.90618e+014	0.976598	19.7905
1.90743e+014	0.978039	20.4739
1.90868e+014	0.979414	21.1573
1.90993e+014	0.980726	21.8408
1.91118e+014	0.981976	22.5242
1.91243e+014	0.983161	23.2076
1.91368e+014	0.98428	23.8911
1.91492e+014	0.985334	24.5745
1.91617e+014	0.98633	25.2579
1.91742e+014	0.987271	25.9414
1.91867e+014	0.988155	26.6248
1.91992e+014	0.988977	27.3083
1.92117e+014	0.98974	27.9918
1.92242e+014	0.990448	28.6753
1.92367e+014	0.991107	29.3587
1.92492e+014	0.991716	30.0422
1.92617e+014	0.992268	30.7257
1.92742e+014	0.992764	31.4092
1.92866e+014	0.993207	32.0927
1.92991e+014	0.993604	32.7762
1.93116e+014	0.993954	33.4597
1.93241e+014	0.99425	34.1433
1.93366e+014	0.994492	34.8268
1.93491e+014	0.994682	35.5103
1.93616e+014	0.994825	36.1939
1.93741e+014	0.994922	36.8774
1.93866e+014	0.99497	37.561
1.93991e+014	0.994967	38.2445
1.94116e+014	0.994914	38.9281
1.94241e+014	0.994817	39.6117
1.94365e+014	0.994676	40.2953
1.9449e+014	0.99449	40.9788
1.94615e+014	0.994258	41.6624
1.9474e+014	0.99398	42.346
1.94865e+014	0.993662	43.0296
1.9499e+014	0.993304	43.7132
1.95115e+014	0.992903	44.3968
1.9524e+014	0.992458	45.0805
1.95365e+014	0.991972	45.7641
1.9549e+014	0.991447	46.4477
1.95615e+014	0.990885	47.1314
1.95739e+014	0.990283	47.815
1.95864e+014	0.989641	48.4987
1.95989e+014	0.988959	49.1823
1.96114e+014	0.988242	49.866
1.96239e+014	0.987491	50.5496
1.96364e+014	0.986703	51.2333
1.96489e+014	0.985879	51.917
1.96614e+014	0.98502	52.6007
1.96739e+014	0.984129	53.2843
1.96864e+014	0.983208	53.968
1.96989e+014	0.982255	54.6517
1.97114e+014	0.98127	55.3354
1.97238e+014	0.980252	56.0191
1.97363e+014	0.979206	56.7028
1.97488e+014	0.978132	57.3865
1.97613e+014	0.977032	58.0703
1.97738e+014	0.975903	58.754
1.97863e+014	0.974744	59.4377
1.97988e+014	0.973558	60.1215
1.98113e+014	0.972345	60.8052
1.98238e+014	0.971106	61.489
1.98363e+014	0.969839	62.1728
1.98488e+014	0.968544	62.8565
1.98613e+014	0.967222	63.5403
1.98737e+014	0.965872	64.2241
1.98862e+014	0.964497	64.9079
1.98987e+014	0.963096	65.5917
1.99112e+014	0.96167	66.2755
1.99237e+014	0.960219	66.9593
1.99362e+014	0.958745	67.6432
1.99487e+014	0.957247	68.327
1.99612e+014	0.955724	69.0109
1.99737e+014	0.954178	69.6947
1.99862e+014	0.95261	70.3786
('port 1',TE,1,'port 2',1,'transmission')
(101,3)
1.8737e+014	1.10179e-012	-2.84902
1.87495e+014	1.1008e-012	-2.84156
1.8762e+014	1.09984e-012	-2.8341
1.87745e+014	1.09889e-012	-2.82664
1.8787e+014	1.09797e-012	-2.81918
1.87995e+014	1.09706e-012	-2.81171
1.8812e+014	1.09618e-012	-2.80424
1.88245e+014	1.09531e-012	-2.79678
1.8837e+014	1.09447e-012	-2.78931
1.88495e+014	1.09365e-012	-2.78184
1.88619e+014	1.09284e-012	-2.77436
1.88744e+014	1.09206e-012	-2.76689
1.88869e+014	1.09129e-012	-2.75942
1.88994e+014	1.09055e-012	-2.75194
1.89119e+014	1.08982e-012	-2.74447
1.89244e+014	1.08912e-012	-2.73699
1.89369e+014	1.08843e-012	-2.72951
1.89494e+014	1.08777e-012	-2.72203
1.89619e+014	1.08712e-012	-2.71455
1.89744e+014	1.0865e-012	-2.70707
1.89869e+014	1.08589e-012	-2.69958
1.89993e+014	1.0853e-012	-2.6921
1.90118e+014	1.08473e-012	-2.68461
1.90243e+014	1.08418e-012	-2.67713
1.90368e+014	1.08365e-012	-2.66964
1.90493e+014	1.08314e-012	-2.66215
1.90618e+014	1.08265e-012	-2.65466
1.90743e+014	1.08218e-012	-2.64717
1.90868e+014	1.08173e-012	-2.63968
1.90993e+014	1.08129e-012	-2.63219
1.91118e+014	1.08088e-012	-2.6247
1.91243e+014	1.08048e-012	-2.6172
1.91368e+014	1.08011e-012	-2.60971
1.91492e+014	1.07975e-012	-2.60222
1.91617e+014	1.07941e-012	-2.59472
1.91742e+014	1.07909e-012	-2.58723
1.91867e+014	1.07879e-012	-2.57973
1.91992e+014	1.07851e-012	-2.57223
1.92117e+014	1.07825e-012	-2.56473
1.92242e+014	1.078e-012	-2.55723
1.92367e+014	1.07778e-012	-2.54974
1.92492e+014	1.07757e-012	-2.54224
1.92617e+014	1.07739e-012	-2.53474
1.92742e+014	1.07722e-012	-2.52724
1.92866e+014	1.07707e-012	-2.51973
1.92991e+014	1.07694e-012	-2.51223
1.93116e+014	1.07683e-012	-2.50473
1.93241e+014	1.07673e-012	-2.49723
1.93366e+014	1.07666e-012	-2.48973
1.93491e+014	1.0766e-012	-2.48222
1.93616e+014	1.07656e-012	-2.47472
1.93741e+014	1.07655e-012	-2.46722
1.93866e+014	1.07655e-012	-2.45971
1.93991e+014	1.07656e-012	-2.45221
1.94116e+014	1.0766e-012	-2.4447
1.94241e+014	1.07666e-012	-2.4372
1.94365e+014	1.07673e-012	-2.42969
1.9449e+014	1.07683e-012	-2.42219
1.94615e+014	1.07694e-012	-2.41468
1.9474e+014	1.07707e-012	-2.40718
1.94865e+014	1.07722e-012	-2.39967
1.9499e+014	1.07739e-012	-2.39217
1.95115e+014	1.07758e-012	-2.38466
1.9524e+014	1.07778e-012	-2.37715
1.95365e+014	1.07801e-012	-2.36965
1.9549e+014	1.07825e-012	-2.36214
1.95615e+014	1.07851e-012	-2.35464
1.95739e+014	1.07879e-012	-2.34713
1.95864e+014	1.07909e-012	-2.33963
1.95989e+014	1.07941e-012	-2.33212
1.96114e+014	1.07975e-012	-2.32462
1.96239e+014	1.0801e-012	-2.31711
1.96364e+014	1.08048e-012	-2.30961
1.96489e+014	1.08087e-012	-2.3021
1.96614e+014	1.08128e-012	-2.2946
1.96739e+014	1.08171e-012	-2.28709
1.96864e+014	1.08216e-012	-2.27959
1.96989e+014	1.08263e-012	-2.27208
1.97114e+014	1.08312e-012	-2.26458
1.97238e+014	1.08362e-012	-2.25708
1.97363e+014	1.08415e-012	-2.24958
1.97488e+014	1.08469e-012	-2.24207
1.97613e+014	1.08526e-012	-2.23457
1.97738e+014	1.08584e-012	-2.22707
1.97863e+014	1.08644e-012	-2.21957
1.97988e+014	1.08706e-012	-2.21207
1.98113e+014	1.0877e-012	-2.20457
1.98238e+014	1.08836e-012	-2.19707
1.98363e+014	1.08904e-012	-2.18957
1.98488e+014	1.08974e-012	-2.18207
1.98613e+014	1.09045e-012	-2.17458
1.98737e+014	1.09119e-012	-2.16708
1.98862e+014	1.09194e-012	-2.15958
1.98987e+014	1.09272e-012	-2.15209
1.99112e+014	1.09351e-012	-2.14459
1.99237e+014	1.09433e-012	-2.1371
1.99362e+014	1.09516e-012	-2.1296
1.99487e+014	1.09601e-012	-2.12211
1.99612e+014	1.09688e-012	-2.11462
1.99737e+014	1.09777e-012	-2.10713
1.99862e+014	1.09869e-012	-2.09964
('port 2',TE,1,'port 2',1,'transmission')
(101,3)
1.8737e+014	0.000166316	2.81584
1.87495e+014	0.000164482	2.81602
1.8762e+014	0.000162655	2.81627
1.87745e+014	0.000160835	2.81659
1.8787e+014	0.000159021	2.81699
1.87995e+014	0.000157215	2.81745
1.8812e+014	0.000155417	2.81799
1.88245e+014	0.000153625	2.81861
1.8837e+014	0.000151841	2.81931
1.88495e+014	0.000150065	2.82008
1.88619e+014	0.000148296	2.82094
1.88744e+014	0.000146535	2.82189
1.88869e+014	0.000144781	2.82293
1.88994e+014	0.000143036	2.82405
1.89119e+014	0.000141299	2.82527
1.89244e+014	0.000139569	2.82659
1.89369e+014	0.000137848	2.828
1.89494e+014	0.000136136	2.82952
1.89619e+014	0.000134432	2.83114
1.89744e+014	0.000132736	2.83287
1.89869e+014	0.000131049	2.83471
1.89993e+014	0.000129371	2.83666
1.90118e+014	0.000127702	2.83874
1.90243e+014	0.000126043	2.84093
1.90368e+014	0.000124392	2.84325
1.90493e+014	0.000122751	2.84569
1.90618e+014	0.00012112	2.84827
1.90743e+014	0.000119498	2.85099
1.90868e+014	0.000117886	2.85384
1.90993e+014	0.000116285	2.85684
1.91118e+014	0.000114693	2.86
1.91243e+014	0.000113112	2.8633
1.91368e+014	0.000111542	2.86676
1.91492e+014	0.000109982	2.87039
1.91617e+014	0.000108433	2.87419
1.91742e+014	0.000106896	2.87816
1.91867e+014	0.00010537	2.88231
1.91992e+014	0.000103856	2.88665
1.92117e+014	0.000102353	2.89118
1.92242e+014	0.000100862	2.8959
1.92367e+014	9.93843e-005	2.90083
1.92492e+014	9.79186e-005	2.90597
1.92617e+014	9.64658e-005	2.91133
1.92742e+014	9.50261e-005	2.91691
1.92866e+014	9.35997e-005	2.92272
1.92991e+014	9.21869e-005	2.92877
1.93116e+014	9.07881e-005	2.93506
1.93241e+014	8.94035e-005	2.94161
1.93366e+014	8.80335e-005	2.94842
1.93491e+014	8.66783e-005	2.95549
1.93616e+014	8.53384e-005	2.96284
1.93741e+014	8.40141e-005	2.97048
1.93866e+014	8.27057e-005	2.97841
1.93991e+014	8.14136e-005	2.98665
1.94116e+014	8.01382e-005	2.99519
1.94241e+014	7.88799e-005	3.00405
1.94365e+014	7.76392e-005	3.01325
1.9449e+014	7.64164e-005	3.02278
1.94615e+014	7.5212e-005	3.03265
1.9474e+014	7.40265e-005	3.04288
1.94865e+014	7.28603e-005	3.05348
1.9499e+014	7.17139e-005	3.06445
1.95115e+014	7.05878e-005	3.0758
1.9524e+014	6.94826e-005	3.08754
1.95365e+014	6.83988e-005	3.09968
1.9549e+014	6.73368e-005	3.11222
1.95615e+014	6.62973e-005	3.12518
1.95739e+014	6.52808e-005	3.13855
1.95864e+014	6.42879e-005	3.15235
1.95989e+014	6.33192e-005	3.16658
1.96114e+014	6.23752e-005	3.18125
1.96239e+014	6.14566e-005	3.19635
1.96364e+014	6.05639e-005	3.21189
1.96489e+014	5.96978e-005	3.22788
1.96614e+014	5.88589e-005	3.24431
1.96739e+014	5.80477e-005	3.26117
1.96864e+014	5.72648e-005	3.27848
1.96989e+014	5.65108e-005	3.29621
1.97114e+014	5.57863e-005	3.31437
1.97238e+014	5.50919e-005	3.33295
1.97363e+014	5.4428e-005	3.35193
1.97488e+014	5.37951e-005	3.37131
1.97613e+014	5.31937e-005	3.39106
1.97738e+014	5.26243e-005	3.41118
1.97863e+014	5.20872e-005	3.43163
1.97988e+014	5.15828e-005	3.45241
1.98113e+014	5.11114e-005	3.47348
1.98238e+014	5.06732e-005	3.49483
1.98363e+014	5.02684e-005	3.51641
1.98488e+014	4.98971e-005	3.53822
1.98613e+014	4.95595e-005	3.5602
1.98737e+014	4.92554e-005	3.58233
1.98862e+014	4.89849e-005	3.60459
1.98987e+014	4.87478e-005	3.62692
1.99112e+014	4.85438e-005	3.6493
1.99237e+014	4.83727e-005	3.67168
1.99362e+014	4.82341e-005	3.69405
1.99487e+014	4.81277e-005	3.71635
1.99612e+014	4.80528e-005	3.73855
1.99737e+014	4.80089e-005	3.76062
1.99862e+014	4.79955e-005	3.78253
('port 3',TE,1,'port 2',1,'transmission')
(101,3)
1.8737e+014	0	3.14159
1.87495e+014	0	3.14159
1.8762e+014	0	3.14159
1.87745e+014	0	3.14159
1.8787e+014	0	3.14159
1.87995e+014	0	3.14159
1.8812e+014	0	3.14159
1.88245e+014	0	3.14159
1.8837e+014	0	3.14159
1.88495e+014	0	3.14159
1.88619e+014	0	3.14159
1.88744e+014	0	3.14159
1.88869e+014	0	3.14159
1.88994e+014	0	3.14159
1.89119e+014	0	3.14159
1.89244e+014	0	3.14159
1.89369e+014	0	3.14159
1.89494e+014	0	3.14159
1.89619e+014	0	3.14159
1.89744e+014	0	3.14159
1.89869e+014	0	3.14159
1.89993e+014	0	3.14159
1.90118e+014	0	3.14159
1.90243e+014	0	3.14159
1.90368e+014	0	3.14159
1.90493e+014	0	3.14159
1.90618e+014	0	3.14159
1.90743e+014	0	3.14159
1.90868e+014	0	3.14159
1.90993e+014	0	3.14159
1.91118e+014	0	3.14159
1.91243e+014	0	3.14159
1.91368e+014	0	3.14159
1.91492e+014	0	3.14159
1.91617e+014	0	3.14159
1.91742e+014	0	3.14159
1.91867e+014	0	3.14159
1.91992e+014	0	3.14159
1.92117e+014	0	3.14159
1.92242e+014	0	3.14159
1.92367e+014	0	3.14159
1.92492e+014	0	3.14159
1.92617e+014	0	3.14159
1.92742e+014	0	3.14159
1.92866e+014	0	3.14159
1.92991e+014	0	3.14159
1.93116e+014	0	3.14159
1.93241e+014	0	3.14159
1.93366e+014	0	3.14159
1.93491e+014	0	3.14159
1.93616e+014	0	3.14159
1.93741e+014	0	3.14159
1.93866e+014	0	3.14159
1.93991e+014	0	3.14159
1.94116e+014	0	3.14159
1.94241e+014	0	3.14159
1.94365e+014	0	3.14159
1.9449e+014	0	3.14159
1.94615e+014	0	3.14159
1.9474e+014	0	3.14159
1.94865e+014	0	3.14159
1.9499e+014	0	3.14159
1.95115e+014	0	3.14159
1.9524e+014	0	3.14159
1.95365e+014	0	3.14159
1.9549e+014	0	3.14159
1.95615e+014	0	3.14159
1.95739e+014	0	3.14159
1.95864e+014	0	3.14159
1.95989e+014	0	3.14159
1.96114e+014	0	3.14159
1.96239e+014	0	3.14159
1.96364e+014	0	3.14159
1.96489e+014	0	3.14159
1.96614e+014	0	3.14159
1.96739e+014	0	3.14159
1.96864e+014	0	3.14159
1.96989e+014	0	3.14159
1.97114e+014	0	3.14159
1.97238e+014	0	3.14159
1.97363e+014	0	3.14159
1.97488e+014	0	3.14159
1.97613e+014	0	3.14159
1.97738e+014	0	3.14159
1.97863e+014	0	3.14159
1.97988e+014	0	3.14159
1.98113e+014	0	3.14159
1.98238e+014	0	3.14159
1.98363e+014	0	3.14159
1.98488e+014	0	3.14159
1.98613e+014	0	3.14159
1.98737e+014	0	3.14159
1.98862e+014	0	3.14159
1.98987e+014	0	3.14159
1.99112e+014	0	3.14159
1.99237e+014	0	3.14159
1.99362e+014	0	3.14159
1.99487e+014	0	3.14159
1.99612e+014	0	3.14159
1.99737e+014	0	3.14159
1.99862e+014	0	3.14159
('port 4',TE,1,'port 2',1,'transmission')
(101,3)
1.8737e+014	0	3.14159
1.87495e+014	0	3.14159
1.8762e+014	0	3.14159
1.87745e+014	0	3.14159
1.8787e+014	0	3.14159
1.87995e+014	0	3.14159
1.8812e+014	0	3.14159
1.88245e+014	0	3.14159
1.8837e+014	0	3.14159
1.88495e+014	0	3.14159
1.88619e+014	0	3.14159
1.88744e+014	0	3.14159
1.88869e+014	0	3.14159
1.88994e+014	0	3.14159
1.89119e+014	0	3.14159
1.89244e+014	0	3.14159
1.89369e+014	0	3.14159
1.89494e+014	0	3.14159
1.89619e+014	0	3.14159
1.89744e+014	0	3.14159
1.89869e+014	0	3.14159
1.89993e+014	0	3.14159
1.90118e+014	0	3.14159
1.90243e+014	0	3.14159
1.90368e+014	0	3.14159
1.90493e+014	0	3.14159
1.90618e+014	0	3.14159
1.90743e+014	0	3.14159
1.90868e+014	0	3.14159
1.90993e+014	0	3.14159
1.91118e+014	0	3.14159
1.91243e+014	0	3.14159
1.91368e+014	0	3.14159
1.91492e+014	0	3.14159
1.91617e+014	0	3.14159
1.91742e+014	0	3.14159
1.91867e+014	0	3.14159
1.91992e+014	0	3.14159
1.92117e+014	0	3.14159
1.92242e+014	0	3.14159
1.92367e+014	0	3.14159
1.92492e+014	0	3.14159
1.92617e+014	0	3.14159
1.92742e+014	0	3.14159
1.92866e+014	0	3.14159
1.92991e+014	0	3.14159
1.93116e+014	0	3.14159
1.93241e+014	0	3.14159
1.93366e+014	0	3.14159
1.93491e+014	0	3.14159
1.93616e+014	0	3.14159
1.93741e+014	0	3.14159
1.93866e+014	0	3.14159
1.93991e+014	0	3.14159
1.94116e+014	0	3.14159
1.94241e+014	0	3.14159
1.94365e+014	0	3.14159
1.9449e+014	0	3.14159
1.94615e+014	0	3.14159
1.9474e+014	0	3.14159
1.94865e+014	0	3.14159
1.9499e+014	0	3.14159
1.95115e+014	0	3.14159
1.9524e+014	0	3.14159
1.95365e+014	0	3.14159
1.9549e+014	0	3.14159
1.95615e+014	0	3.14159
1.95739e+014	0	3.14159
1.95864e+014	0	3.14159
1.95989e+014	0	3.14159
1.96114e+014	0	3.14159
1.96239e+014	0	3.14159
1.96364e+014	0	3.14159
1.96489e+014	0	3.14159
1.96614e+014	0	3.14159
1.96739e+014	0	3.14159
1.96864e+014	0	3.14159
1.96989e+014	0	3.14159
1.97114e+014	0	3.14159
1.97238e+014	0	3.14159
1.97363e+014	0	3.14159
1.97488e+014	0	3.14159
1.97613e+014	0	3.14159
1.97738e+014	0	3.14159
1.97863e+014	0	3.14159
1.97988e+014	0	3.14159
1.98113e+014	0	3.14159
1.98238e+014	0	3.14159
1.98363e+014	0	3.14159
1.98488e+014	0	3.14159
1.98613e+014	0	3.14159
1.98737e+014	0	3.14159
1.98862e+014	0	3.14159
1.98987e+014	0	3.14159
1.99112e+014	0	3.14159
1.99237e+014	0	3.14159
1.99362e+014	0	3.14159
1.99487e+014	0	3.14159
1.99612e+014	0	3.14159
1.99737e+014	0	3.14159
1.99862e+014	0	3.14159
('port 1',TE,1,'port 3',1,'transmission')
(101,3)
1.8737e+014	0.406351	-3.04946
1.87495e+014	0.398444	-2.43449
1.8762e+014	0.390555	-1.81968
1.87745e+014	0.382685	-1.20505
1.8787e+014	0.374836	-0.590597
1.87995e+014	0.36701	0.0236532
1.8812e+014	0.359208	0.637696
1.88245e+014	0.351431	1.25152
1.8837e+014	0.343681	1.8651
1.88495e+014	0.335958	2.47843
1.88619e+014	0.328265	3.0915
1.88744e+014	0.320604	3.70427
1.88869e+014	0.312975	4.31674
1.88994e+014	0.30538	4.92888
1.89119e+014	0.297821	5.54066
1.89244e+014	0.290301	6.15207
1.89369e+014	0.282822	6.76307
1.89494e+014	0.275384	7.37364
1.89619e+014	0.267991	7.98374
1.89744e+014	0.260644	8.59334
1.89869e+014	0.253346	9.20239
1.89993e+014	0.246101	9.81087
1.90118e+014	0.23891	10.4187
1.90243e+014	0.231778	11.0259
1.90368e+014	0.224708	11.6323
1.90493e+014	0.217704	12.2379
1.90618e+014	0.21077	12.8426
1.90743e+014	0.203909	13.4464
1.90868e+014	0.197128	14.0491
1.90993e+014	0.190433	14.6507
1.91118e+014	0.183829	15.2511
1.91243e+014	0.177324	15.8501
1.91368e+014	0.170925	16.4476
1.91492e+014	0.16464	17.0435
1.91617e+014	0.158481	17.6377
1.91742e+014	0.152459	18.2299
1.91867e+014	0.146587	18.82
1.91992e+014	0.140878	19.4078
1.92117e+014	0.135348	19.993
1.92242e+014	0.130016	20.5756
1.92367e+014	0.124902	21.1552
1.92492e+014	0.12003	21.7316
1.92617e+014	0.115421	22.3047
1.92742e+014	0.111105	22.8742
1.92866e+014	0.107109	23.4401
1.92991e+014	0.103467	24.0022
1.93116e+014	0.100209	24.5607
1.93241e+014	0.0973661	25.1156
1.93366e+014	0.0949689	25.6672
1.93491e+014	0.0930444	26.216
1.93616e+014	0.0916154	26.7626
1.93741e+014	0.0906975	27.3076
1.93866e+014	0.0902986	27.8519
1.93991e+014	0.0904177	28.3963
1.94116e+014	0.0910456	28.9418
1.94241e+014	0.0921648	29.489
1.94365e+014	0.0937507	30.0387
1.9449e+014	0.0957725	30.5913
1.94615e+014	0.098196	31.1474
1.9474e+014	0.100986	31.7071
1.94865e+014	0.104105	32.2706
1.9499e+014	0.10752	32.8377
1.95115e+014	0.111197	33.4085
1.9524e+014	0.115104	33.9828
1.95365e+014	0.119214	34.5605
1.9549e+014	0.123501	35.1412
1.95615e+014	0.127943	35.7248
1.95739e+014	0.132517	36.3111
1.95864e+014	0.137207	36.8999
1.95989e+014	0.141995	37.4909
1.96114e+014	0.146867	38.084
1.96239e+014	0.151812	38.679
1.96364e+014	0.156818	39.2757
1.96489e+014	0.161876	39.874
1.96614e+014	0.166977	40.4738
1.96739e+014	0.172114	41.0749
1.96864e+014	0.17728	41.6772
1.96989e+014	0.182469	42.2807
1.97114e+014	0.187676	42.8852
1.97238e+014	0.192894	43.4906
1.97363e+014	0.198122	44.0969
1.97488e+014	0.203355	44.704
1.97613e+014	0.208591	45.3118
1.97738e+014	0.213825	45.9203
1.97863e+014	0.219055	46.5294
1.97988e+014	0.22428	47.1392
1.98113e+014	0.229496	47.7495
1.98238e+014	0.234703	48.3603
1.98363e+014	0.239897	48.9716
1.98488e+014	0.245076	49.5833
1.98613e+014	0.250241	50.1954
1.98737e+014	0.255389	50.8079
1.98862e+014	0.26052	51.4208
1.98987e+014	0.265633	52.034
1.99112e+014	0.270727	52.6476
1.99237e+014	0.275801	53.2614
1.99362e+014	0.280855	53.8755
1.99487e+014	0.285887	54.4899
1.99612e+014	0.290897	55.1046
1.99737e+014	0.295882	55.7194
1.99862e+014	0.300845	56.3345
('port 2',TE,1,'port 3',1,'transmission')
(101,3)
1.8737e+014	0.912896	-1.1166
1.87495e+014	0.91638	-0.433415
1.8762e+014	0.919774	0.249777
1.87745e+014	0.923078	0.932978
1.8787e+014	0.926293	1.61619
1.87995e+014	0.929421	2.2994
1.8812e+014	0.932463	2.98263
1.88245e+014	0.935419	3.66587
1.8837e+014	0.938289	4.34911
1.88495e+014	0.941074	5.03236
1.88619e+014	0.943778	5.71562
1.88744e+014	0.946401	6.39889
1.88869e+014	0.948942	7.08216
1.88994e+014	0.951403	7.76545
1.89119e+014	0.953786	8.44874
1.89244e+014	0.956092	9.13203
1.89369e+014	0.958323	9.81534
1.89494e+014	0.960477	10.4987
1.89619e+014	0.962556	11.182
1.89744e+014	0.964561	11.8653
1.89869e+014	0.966493	12.5487
1.89993e+014	0.968353	13.232
1.90118e+014	0.970141	13.9154
1.90243e+014	0.971858	14.5987
1.90368e+014	0.973507	15.2821
1.90493e+014	0.975088	15.9655
1.90618e+014	0.976598	16.6489
1.90743e+014	0.978039	17.3323
1.90868e+014	0.979414	18.0157
1.90993e+014	0.980726	18.6992
1.91118e+014	0.981976	19.3826
1.91243e+014	0.983161	20.066
1.91368e+014	0.98428	20.7495
1.91492e+014	0.985334	21.4329
1.91617e+014	0.98633	22.1163
1.91742e+014	0.987271	22.7998
1.91867e+014	0.988155	23.4833
1.91992e+014	0.988977	24.1667
1.92117e+014	0.98974	24.8502
1.92242e+014	0.990448	25.5337
1.92367e+014	0.991107	26.2171
1.92492e+014	0.991716	26.9006
1.92617e+014	0.992268	27.5841
1.92742e+014	0.992764	28.2676
1.92866e+014	0.993207	28.9511
1.92991e+014	0.993604	29.6346
1.93116e+014	0.993954	30.3181
1.93241e+014	0.99425	31.0017
1.93366e+014	0.994492	31.6852
1.93491e+014	0.994682	32.3687
1.93616e+014	0.994825	33.0523
1.93741e+014	0.994922	33.7358
1.93866e+014	0.99497	34.4194
1.93991e+014	0.994967	35.1029
1.94116e+014	0.994914	35.7865
1.94241e+014	0.994817	36.4701
1.94365e+014	0.994676	37.1537
1.9449e+014	0.99449	37.8372
1.94615e+014	0.994258	38.5208
1.9474e+014	0.99398	39.2044
1.94865e+014	0.993662	39.888
1.9499e+014	0.993304	40.5716
1.95115e+014	0.992903	41.2553
1.9524e+014	0.992458	41.9389
1.95365e+014	0.991972	42.6225
1.9549e+014	0.991447	43.3061
1.95615e+014	0.990885	43.9898
1.95739e+014	0.990283	44.6734
1.95864e+014	0.989641	45.3571
1.95989e+014	0.988959	46.0407
1.96114e+014	0.988242	46.7244
1.96239e+014	0.987491	47.408
1.96364e+014	0.986703	48.0917
1.96489e+014	0.985879	48.7754
1.96614e+014	0.98502	49.4591
1.96739e+014	0.984129	50.1427
1.96864e+014	0.983208	50.8264
1.96989e+014	0.982255	51.5101
1.97114e+014	0.98127	52.1938
1.97238e+014	0.980252	52.8775
1.97363e+014	0.979206	53.5612
1.97488e+014	0.978132	54.2449
1.97613e+014	0.977032	54.9287
1.97738e+014	0.975903	55.6124
1.97863e+014	0.974744	56.2961
1.97988e+014	0.973558	56.9799
1.98113e+014	0.972345	57.6636
1.98238e+014	0.971106	58.3474
1.98363e+014	0.969839	59.0312
1.98488e+014	0.968544	59.7149
1.98613e+014	0.967222	60.3987
1.98737e+014	0.965872	61.0825
1.98862e+014	0.964497	61.7663
1.98987e+014	0.963096	62.4501
1.99112e+014	0.96167	63.1339
1.99237e+014	0.960219	63.8178
1.99362e+014	0.958745	64.5016
1.99487e+014	0.957247	65.1854
1.99612e+014	0.955724	65.8693
1.99737e+014	0.954178	66.5531
1.99862e+014	0.95261	67.237
('port 3',TE,1,'port 3',1,'transmission')
(101,3)
1.8737e+014	0.00171219	0.795079
1.87495e+014	0.00260555	1.9099
1.8762e+014	0.00332497	2.82185
1.87745e+014	0.00349035	3.72049
1.8787e+014	0.00314049	4.72487
1.87995e+014	0.00278659	5.93958
1.8812e+014	0.00306008	7.23155
1.88245e+014	0.00370493	8.34464
1.8837e+014	0.00405964	9.32676
1.88495e+014	0.00385657	10.2975
1.88619e+014	0.00328708	11.3635
1.88744e+014	0.00289202	12.5856
1.88869e+014	0.00302168	13.809
1.88994e+014	0.0032959	14.8676
1.89119e+014	0.00325281	15.8102
1.89244e+014	0.00280495	16.7296
1.89369e+014	0.00217397	17.716
1.89494e+014	0.00173511	18.8305
1.89619e+014	0.00170331	19.9286
1.89744e+014	0.00190102	20.8235
1.89869e+014	0.00213536	21.579
1.89993e+014	0.00233666	22.3297
1.90118e+014	0.00247394	23.1781
1.90243e+014	0.00262225	24.1752
1.90368e+014	0.00298886	25.28
1.90493e+014	0.00365381	26.3803
1.90618e+014	0.00441527	27.4337
1.90743e+014	0.00502685	28.4751
1.90868e+014	0.00542584	29.5482
1.90993e+014	0.00576893	30.6703
1.91118e+014	0.00625582	31.8177
1.91243e+014	0.00688497	32.9531
1.91368e+014	0.00746864	34.0683
1.91492e+014	0.00786619	35.1826
1.91617e+014	0.0081196	36.3149
1.91742e+014	0.00837714	37.4658
1.91867e+014	0.00870767	38.6194
1.91992e+014	0.00902928	39.7644
1.92117e+014	0.00923059	40.9052
1.92242e+014	0.00930111	42.0528
1.92367e+014	0.00931761	43.211
1.92492e+014	0.00933252	44.3744
1.92617e+014	0.009318	45.5376
1.92742e+014	0.00922891	46.7024
1.92866e+014	0.00907503	47.8734
1.92991e+014	0.00889663	49.0507
1.93116e+014	0.00869228	50.2306
1.93241e+014	0.00842248	51.4143
1.93366e+014	0.00809312	52.6095
1.93491e+014	0.00778551	53.8202
1.93616e+014	0.00755938	55.0378
1.93741e+014	0.00735611	56.2515
1.93866e+014	0.00707477	57.4673
1.93991e+014	0.00674151	58.705
1.94116e+014	0.00652983	59.971
1.94241e+014	0.00654525	61.2391
1.94365e+014	0.00665451	62.4835
1.9449e+014	0.00666635	63.7158
1.94615e+014	0.00660926	64.9673
1.9474e+014	0.00672088	66.2417
1.94865e+014	0.00711421	67.5004
1.9499e+014	0.00758032	68.717
1.95115e+014	0.00786172	69.9118
1.9524e+014	0.00797368	71.1202
1.95365e+014	0.00818448	72.3502
1.9549e+014	0.00865816	73.5702
1.95615e+014	0.00920338	74.7533
1.95739e+014	0.00951585	75.9127
1.95864e+014	0.00954645	77.0814
1.95989e+014	0.00956157	78.2764
1.96114e+014	0.00982474	79.4763
1.96239e+014	0.0102366	80.6483
1.96364e+014	0.0104546	81.7916
1.96489e+014	0.0103133	82.9354
1.96614e+014	0.0100179	84.1068
1.96739e+014	0.00992403	85.2992
1.96864e+014	0.0100892	86.4752
1.96989e+014	0.0101839	87.6163
1.97114e+014	0.00990914	88.7442
1.97238e+014	0.00934113	89.8959
1.97363e+014	0.00886675	91.0851
1.97488e+014	0.00873557	92.2772
1.97613e+014	0.00871877	93.4305
1.97738e+014	0.00841043	94.5518
1.97863e+014	0.00771275	95.6855
1.97988e+014	0.00695253	96.8726
1.98113e+014	0.00654608	98.0966
1.98238e+014	0.00645062	99.2863
1.98363e+014	0.00621341	100.418
1.98488e+014	0.00556428	101.543
1.98613e+014	0.00471099	102.739
1.98737e+014	0.00417194	104.033
1.98862e+014	0.00411893	105.311
1.98987e+014	0.00407452	106.489
1.99112e+014	0.00363731	107.639
1.99237e+014	0.00295815	108.902
1.99362e+014	0.00267593	110.349
1.99487e+014	0.00302347	111.723
1.99612e+014	0.00335792	112.917
1.99737e+014	0.00327595	114.083
1.99862e+014	0.00301588	115.371
('port 4',TE,1,'port 3',1,'transmission')
(101,3)
1.8737e+014	0.000656014	2.85219
1.87495e+014	0.000748605	3.98792
1.8762e+014	0.000860104	5.06363
1.87745e+014	0.000942632	6.10294
1.8787e+014	0.000971123	7.14479
1.87995e+014	0.000952063	8.22361
1.8812e+014	0.000919647	9.35955
1.88245e+014	0.000915873	10.5392
1.8837e+014	0.000956817	11.7148
1.88495e+014	0.00101958	12.8489
1.88619e+014	0.00106729	13.9425
1.88744e+014	0.00107611	15.0181
1.88869e+014	0.00104465	16.1022
1.88994e+014	0.000992689	17.2168
1.89119e+014	0.000952568	18.3684
1.89244e+014	0.000950124	19.535
1.89369e+014	0.000983765	20.6787
1.89494e+014	0.00102576	21.7806
1.89619e+014	0.00104474	22.8514
1.89744e+014	0.00102505	23.9176
1.89869e+014	0.000974759	25.0096
1.89993e+014	0.000924172	26.1482
1.90118e+014	0.000909395	27.3233
1.90243e+014	0.000941335	28.4902
1.90368e+014	0.000992827	29.6152
1.90493e+014	0.00102368	30.7039
1.90618e+014	0.00101003	31.7861
1.90743e+014	0.000956892	32.8966
1.90868e+014	0.000896521	34.0606
1.90993e+014	0.000869316	35.2689
1.91118e+014	0.000887741	36.4717
1.91243e+014	0.000922003	37.6295
1.91368e+014	0.000930131	38.748
1.91492e+014	0.000890122	39.8599
1.91617e+014	0.000810797	41.0045
1.91742e+014	0.000727598	42.2126
1.91867e+014	0.000681135	43.4729
1.91992e+014	0.00067882	44.7199
1.92117e+014	0.000685138	45.906
1.92242e+014	0.00065964	47.0448
1.92367e+014	0.00058773	48.1837
1.92492e+014	0.000487494	49.3865
1.92617e+014	0.000404672	50.7112
1.92742e+014	0.000380928	52.1013
1.92866e+014	0.000396681	53.3958
1.92991e+014	0.000396193	54.5693
1.93116e+014	0.000349624	55.6978
1.93241e+014	0.00026436	56.8884
1.93366e+014	0.000183709	58.3208
1.93491e+014	0.000171699	59.976
1.93616e+014	0.000203345	61.3523
1.93741e+014	0.000205891	62.4883
1.93866e+014	0.000155628	63.5608
1.93991e+014	6.50772e-005	64.8314
1.94116e+014	6.22529e-005	67.952
1.94241e+014	0.000152918	69.2582
1.94365e+014	0.000204713	70.3686
1.9449e+014	0.000208348	71.5752
1.94615e+014	0.00019868	73.0323
1.9474e+014	0.000248196	74.606
1.94865e+014	0.000357241	75.9462
1.9499e+014	0.0004656	77.1216
1.95115e+014	0.000532574	78.2601
1.9524e+014	0.000550523	79.4426
1.95365e+014	0.00055084	80.7216
1.9549e+014	0.000590658	82.0731
1.95615e+014	0.00069232	83.3855
1.95739e+014	0.000814145	84.61
1.95864e+014	0.000902461	85.7864
1.95989e+014	0.000935066	86.9715
1.96114e+014	0.00093533	88.2103
1.96239e+014	0.000960606	89.5061
1.96364e+014	0.00104958	90.8011
1.96489e+014	0.00117586	92.042
1.96614e+014	0.00128	93.2357
1.96739e+014	0.00132552	94.4208
1.96864e+014	0.00132339	95.635
1.96989e+014	0.00132386	96.8924
1.97114e+014	0.00137383	98.1664
1.97238e+014	0.00146799	99.4142
1.97363e+014	0.00155648	100.623
1.97488e+014	0.00159478	101.814
1.97613e+014	0.00157596	103.015
1.97738e+014	0.00153154	104.247
1.97863e+014	0.00150705	105.508
1.97988e+014	0.00152342	106.77
1.98113e+014	0.00155818	108.008
1.98238e+014	0.00156765	109.221
1.98363e+014	0.00152183	110.426
1.98488e+014	0.00142436	111.654
1.98613e+014	0.00131449	112.926
1.98737e+014	0.00124535	114.241
1.98862e+014	0.00123461	115.555
1.98987e+014	0.00123825	116.829
1.99112e+014	0.00119453	118.078
1.99237e+014	0.00108558	119.355
1.99362e+014	0.000969257	120.727
1.99487e+014	0.000951148	122.184
1.99612e+014	0.00105183	123.59
1.99737e+014	0.00116749	124.893
1.99862e+014	0.0012126	126.164
('port 1',TE,1,'port 4',1,'transmission')
(101,3)
1.8737e+014	0	-0
1.87495e+014	0	0
1.8762e+014	0	0
1.87745e+014	0	0
1.8787e+014	0	0
1.87995e+014	0	0
1.8812e+014	0	0
1.88245e+014	0	0
1.8837e+014	0	0
1.88495e+014	0	0
1.88619e+014	0	0
1.88744e+014	0	0
1.88869e+014	0	0
1.88994e+014	0	0
1.89119e+014	0	0
1.89244e+014	0	0
1.89369e+014	0	0
1.89494e+014	0	0
1.89619e+014	0	0
1.89744e+014	0	0
1.89869e+014	0	0
1.89993e+014	0	0
1.90118e+014	0	0
1.90243e+014	0	0
1.90368e+014	0	0
1.90493e+014	0	0
1.90618e+014	0	0
1.90743e+014	0	0
1.90868e+014	0	0
1.90993e+014	0	0
1.91118e+014	0	0
1.91243e+014	0	0
1.91368e+014	0	0
1.91492e+014	0	0
1.91617e+014	0	0
1.91742e+014	0	0
1.91867e+014	0	0
1.91992e+014	0	0
1.92117e+014	0	0
1.92242e+014	0	0
1.92367e+014	0	0
1.92492e+014	0	0
1.92617e+014	0	0
1.92742e+014	0	0
1.92866e+014	0	0
1.92991e+014	0	0
1.93116e+014	0	0
1.93241e+014	0	0
1.93366e+014	0	0
1.93491e+014	0	0
1.93616e+014	0	0
1.93741e+014	0	0
1.93866e+014	0	0
1.93991e+014	0	0
1.94116e+014	0	0
1.94241e+014	0	0
1.94365e+014	0	0
1.9449e+014	0	0
1.94615e+014	0	0
1.9474e+014	0	0
1.94865e+014	0	0
1.9499e+014	0	0
1.95115e+014	0	0
1.9524e+014	0	0
1.95365e+014	0	0
1.9549e+014	0	0
1.95615e+014	0	0
1.95739e+014	0	0
1.95864e+014	0	0
1.95989e+014	0	0
1.96114e+014	0	0
1.96239e+014	0	0
1.96364e+014	0	0
1.96489e+014	0	0
1.96614e+014	0	0
1.96739e+014	0	0
1.96864e+014	0	0
1.96989e+014	0	0
1.97114e+014	0	0
1.97238e+014	0	0
1.97363e+014	0	0
1.97488e+014	0	0
1.97613e+014	0	0
1.97738e+014	0	0
1.97863e+014	0	0
1.97988e+014	0	0
1.98113e+014	0	0
1.98238e+014	0	0
1.98363e+014	0	0
1.98488e+014	0	0
1.98613e+014	0	0
1.98737e+014	0	0
1.98862e+014	0	0
1.98987e+014	0	0
1.99112e+014	0	0
1.99237e+014	0	0
1.99362e+014	0	0
1.99487e+014	0	0
1.99612e+014	0	0
1.99737e+014	0	0
1.99862e+014	0	0
('port 2',TE,1,'port 4',1,'transmission')
(101,3)
1.8737e+014	0	3.14159
1.87495e+014	0	3.14159
1.8762e+014	0	3.14159
1.87745e+014	0	3.14159
1.8787e+014	0	3.14159
1.87995e+014	0	3.14159
1.8812e+014	0	3.14159
1.88245e+014	0	3.14159
1.8837e+014	0	3.14159
1.88495e+014	0	3.14159
1.88619e+014	0	3.14159
1.88744e+014	0	3.14159
1.88869e+014	0	3.14159
1.88994e+014	0	3.14159
1.89119e+014	0	3.14159
1.89244e+014	0	3.14159
1.89369e+014	0	3.14159
1.89494e+014	0	3.14159
1.89619e+014	0	3.14159
1.89744e+014	0	3.14159
1.89869e+014	0	3.14159
1.89993e+014	0	3.14159
1.90118e+014	0	3.14159
1.90243e+014	0	3.14159
1.90368e+014	0	3.14159
1.90493e+014	0	3.14159
1.90618e+014	0	3.14159
1.90743e+014	0	3.14159
1.90868e+014	0	3.14159
1.90993e+014	0	3.14159
1.91118e+014	0	3.14159
1.91243e+014	0	3.14159
1.91368e+014	0	3.14159
1.91492e+014	0	3.14159
1.91617e+014	0	3.14159
1.91742e+014	0	3.14159
1.91867e+014	0	3.14159
1.91992e+014	0	3.14159
1.92117e+014	0	3.14159
1.92242e+014	0	3.14159
1.92367e+014	0	3.14159
1.92492e+014	0	3.14159
1.92617e+014	0	3.14159
1.92742e+014	0	3.14159
1.92866e+014	0	3.14159
1.92991e+014	0	3.14159
1.93116e+014	0	3.14159
1.93241e+014	0	3.14159
1.93366e+014	0	3.14159
1.93491e+014	0	3.14159
1.93616e+014	0	3.14159
1.93741e+014	0	3.14159
1.93866e+014	0	3.14159
1.93991e+014	0	3.14159
1.94116e+014	0	3.14159
1.94241e+014	0	3.14159
1.94365e+014	0	3.14159
1.9449e+014	0	3.14159
1.94615e+014	0	3.14159
1.9474e+014	0	3.14159
1.94865e+014	0	3.14159
1.9499e+014	0	3.14159
1.95115e+014	0	3.14159
1.9524e+014	0	3.14159
1.95365e+014	0	3.14159
1.9549e+014	0	3.14159
1.95615e+014	0	3.14159
1.95739e+014	0	3.14159
1.95864e+014	0	3.14159
1.95989e+014	0	3.14159
1.96114e+014	0	3.14159
1.96239e+014	0	3.14159
1.96364e+014	0	3.14159
1.96489e+014	0	3.14159
1.96614e+014	0	3.14159
1.96739e+014	0	3.14159
1.96864e+014	0	3.14159
1.96989e+014	0	3.14159
1.97114e+014	0	3.14159
1.97238e+014	0	3.14159
1.97363e+014	0	3.14159
1.97488e+014	0	3.14159
1.97613e+014	0	3.14159
1.97738e+014	0	3.14159
1.97863e+014	0	3.14159
1.97988e+014	0	3.14159
1.98113e+014	0	3.14159
1.98238e+014	0	3.14159
1.98363e+014	0	3.14159
1.98488e+014	0	3.14159
1.98613e+014	0	3.14159
1.98737e+014	0	3.14159
1.98862e+014	0	3.14159
1.98987e+014	0	3.14159
1.99112e+014	0	3.14159
1.99237e+014	0	3.14159
1.99362e+014	0	3.14159
1.99487e+014	0	3.14159
1.99612e+014	0	3.14159
1.99737e+014	0	3.14159
1.99862e+014	0	3.14159
('port 3',TE,1,'port 4',1,'transmission')
(101,3)
1.8737e+014	1.10179e-012	0.292572
1.87495e+014	1.1008e-012	0.300031
1.8762e+014	1.09984e-012	0.307492
1.87745e+014	1.09889e-012	0.314954
1.8787e+014	1.09797e-012	0.322418
1.87995e+014	1.09706e-012	0.329883
1.8812e+014	1.09618e-012	0.337349
1.88245e+014	1.09531e-012	0.344817
1.8837e+014	1.09447e-012	0.352286
1.88495e+014	1.09365e-012	0.359756
1.88619e+014	1.09284e-012	0.367228
1.88744e+014	1.09206e-012	0.374701
1.88869e+014	1.09129e-012	0.382175
1.88994e+014	1.09055e-012	0.389651
1.89119e+014	1.08982e-012	0.397127
1.89244e+014	1.08912e-012	0.404605
1.89369e+014	1.08843e-012	0.412084
1.89494e+014	1.08777e-012	0.419564
1.89619e+014	1.08712e-012	0.427045
1.89744e+014	1.0865e-012	0.434527
1.89869e+014	1.08589e-012	0.44201
1.89993e+014	1.0853e-012	0.449495
1.90118e+014	1.08473e-012	0.45698
1.90243e+014	1.08418e-012	0.464466
1.90368e+014	1.08365e-012	0.471953
1.90493e+014	1.08314e-012	0.479441
1.90618e+014	1.08265e-012	0.48693
1.90743e+014	1.08218e-012	0.49442
1.90868e+014	1.08173e-012	0.501911
1.90993e+014	1.08129e-012	0.509402
1.91118e+014	1.08088e-012	0.516895
1.91243e+014	1.08048e-012	0.524388
1.91368e+014	1.08011e-012	0.531882
1.91492e+014	1.07975e-012	0.539376
1.91617e+014	1.07941e-012	0.546872
1.91742e+014	1.07909e-012	0.554367
1.91867e+014	1.07879e-012	0.561864
1.91992e+014	1.07851e-012	0.569361
1.92117e+014	1.07825e-012	0.576859
1.92242e+014	1.078e-012	0.584358
1.92367e+014	1.07778e-012	0.591857
1.92492e+014	1.07757e-012	0.599357
1.92617e+014	1.07739e-012	0.606857
1.92742e+014	1.07722e-012	0.614357
1.92866e+014	1.07707e-012	0.621858
1.92991e+014	1.07694e-012	0.62936
1.93116e+014	1.07683e-012	0.636862
1.93241e+014	1.07673e-012	0.644364
1.93366e+014	1.07666e-012	0.651867
1.93491e+014	1.0766e-012	0.65937
1.93616e+014	1.07656e-012	0.666874
1.93741e+014	1.07655e-012	0.674377
1.93866e+014	1.07655e-012	0.681881
1.93991e+014	1.07656e-012	0.689386
1.94116e+014	1.0766e-012	0.69689
1.94241e+014	1.07666e-012	0.704395
1.94365e+014	1.07673e-012	0.7119
1.9449e+014	1.07683e-012	0.719405
1.94615e+014	1.07694e-012	0.72691
1.9474e+014	1.07707e-012	0.734416
1.94865e+014	1.07722e-012	0.741921
1.9499e+014	1.07739e-012	0.749427
1.95115e+014	1.07758e-012	0.756932
1.9524e+014	1.07778e-012	0.764438
1.95365e+014	1.07801e-012	0.771944
1.9549e+014	1.07825e-012	0.779449
1.95615e+014	1.07851e-012	0.786955
1.95739e+014	1.07879e-012	0.794461
1.95864e+014	1.07909e-012	0.801966
1.95989e+014	1.07941e-012	0.809471
1.96114e+014	1.07975e-012	0.816977
1.96239e+014	1.0801e-012	0.824482
1.96364e+014	1.08048e-012	0.831987
1.96489e+014	1.08087e-012	0.839491
1.96614e+014	1.08128e-012	0.846996
1.96739e+014	1.08171e-012	0.8545
1.96864e+014	1.08216e-012	0.862004
1.96989e+014	1.08263e-012	0.869508
1.97114e+014	1.08312e-012	0.877011
1.97238e+014	1.08362e-012	0.884514
1.97363e+014	1.08415e-012	0.892017
1.97488e+014	1.08469e-012	0.899519
1.97613e+014	1.08526e-012	0.907021
1.97738e+014	1.08584e-012	0.914522
1.97863e+014	1.08644e-012	0.922023
1.97988e+014	1.08706e-012	0.929523
1.98113e+014	1.0877e-012	0.937023
1.98238e+014	1.08836e-012	0.944523
1.98363e+014	1.08904e-012	0.952022
1.98488e+014	1.08974e-012	0.95952
1.98613e+014	1.09045e-012	0.967018
1.98737e+014	1.09119e-012	0.974515
1.98862e+014	1.09194e-012	0.982011
1.98987e+014	1.09272e-012	0.989507
1.99112e+014	1.09351e-012	0.997002
1.99237e+014	1.09433e-012	1.0045
1.99362e+014	1.09516e-012	1.01199
1.99487e+014	1.09601e-012	1.01948
1.99612e+014	1.09688e-012	1.02697
1.99737e+014	1.09777e-012	1.03447
1.99862e+014	1.09869e-012	1.04196
('port 4',TE,1,'port 4',1,'transmission')
(101,3)
1.8737e+014	0.000166316	2.81584
1.87495e+014	0.000164482	2.81602
1.8762e+014	0.000162655	2.81627
1.87745e+014	0.000160835	2.81659
1.8787e+014	0.000159021	2.81699
1.87995e+014	0.000157215	2.81745
1.8812e+014	0.000155417	2.81799
1.88245e+014	0.000153625	2.81861
1.8837e+014	0.000151841	2.81931
1.88495e+014	0.000150065	2.82008
1.88619e+014	0.000148296	2.82094
1.88744e+014	0.000146535	2.82189
1.88869e+014	0.000144781	2.82293
1.88994e+014	0.000143036	2.82405
1.89119e+014	0.000141299	2.82527
1.89244e+014	0.000139569	2.82659
1.89369e+014	0.000137848	2.828
1.89494e+014	0.000136136	2.82952
1.89619e+014	0.000134432	2.83114
1.89744e+014	0.000132736	2.83287
1.89869e+014	0.000131049	2.83471
1.89993e+014	0.000129371	2.83666
1.90118e+014	0.000127702	2.83874
1.90243e+014	0.000126043	2.84093
1.90368e+014	0.000124392	2.84325
1.90493e+014	0.000122751	2.84569
1.90618e+014	0.00012112	2.84827
1.90743e+014	0.000119498	2.85099
1.90868e+014	0.000117886	2.85384
1.90993e+014	0.000116285	2.85684
1.91118e+014	0.000114693	2.86
1.91243e+014	0.000113112	2.8633
1.91368e+014	0.000111542	2.86676
1.91492e+014	0.000109982	2.87039
1.91617e+014	0.000108433	2.87419
1.91742e+014	0.000106896	2.87816
1.91867e+014	0.00010537	2.88231
1.91992e+014	0.000103856	2.88665
1.92117e+014	0.000102353	2.89118
1.92242e+014	0.000100862	2.8959
1.92367e+014	9.93843e-005	2.90083
1.92492e+014	9.79186e-005	2.90597
1.92617e+014	9.64658e-005	2.91133
1.92742e+014	9.50261e-005	2.91691
1.92866e+014	9.35997e-005	2.92272
1.92991e+014	9.21869e-005	2.92877
1.93116e+014	9.07881e-005	2.93506
1.93241e+014	8.94035e-005	2.94161
1.93366e+014	8.80335e-005	2.94842
1.93491e+014	8.66783e-005	2.95549
1.93616e+014	8.53384e-005	2.96284
1.93741e+014	8.40141e-005	2.97048
1.93866e+014	8.27057e-005	2.97841
1.93991e+014	8.14136e-005	2.98665
1.94116e+014	8.01382e-005	2.99519
1.94241e+014	7.88799e-005	3.00405
1.94365e+014	7.76392e-005	3.01325
1.9449e+014	7.64164e-005	3.02278
1.94615e+014	7.5212e-005	3.03265
1.9474e+014	7.40265e-005	3.04288
1.94865e+014	7.28603e-005	3.05348
1.9499e+014	7.17139e-005	3.06445
1.95115e+014	7.05878e-005	3.0758
1.9524e+014	6.94826e-005	3.08754
1.95365e+014	6.83988e-005	3.09968
1.9549e+014	6.73368e-005	3.11222
1.95615e+014	6.62973e-005	3.12518
1.95739e+014	6.52808e-005	3.13855
1.95864e+014	6.42879e-005	3.15235
1.95989e+014	6.33192e-005	3.16658
1.96114e+014	6.23752e-005	3.18125
1.96239e+014	6.14566e-005	3.19635
1.96364e+014	6.05639e-005	3.21189
1.96489e+014	5.96978e-005	3.22788
1.96614e+014	5.88589e-005	3.24431
1.96739e+014	5.80477e-005	3.26117
1.96864e+014	5.72648e-005	3.27848
1.96989e+014	5.65108e-005	3.29621
1.97114e+014	5.57863e-005	3.31437
1.97238e+014	5.50919e-005	3.33295
1.97363e+014	5.4428e-005	3.35193
1.97488e+014	5.37951e-005	3.37131
1.97613e+014	5.31937e-005	3.39106
1.97738e+014	5.26243e-005	3.41118
1.97863e+014	5.20872e-005	3.43163
1.97988e+014	5.15828e-005	3.45241
1.98113e+014	5.11114e-005	3.47348
1.98238e+014	5.06732e-005	3.49483
1.98363e+014	5.02684e-005	3.51641
1.98488e+014	4.98971e-005	3.53822
1.98613e+014	4.95595e-005	3.5602
1.98737e+014	4.92554e-005	3.58233
1.98862e+014	4.89849e-005	3.60459
1.98987e+014	4.87478e-005	3.62692
1.99112e+014	4.85438e-005	3.6493
1.99237e+014	4.83727e-005	3.67168
1.99362e+014	4.82341e-005	3.69405
1.99487e+014	4.81277e-005	3.71635
1.99612e+014	4.80528e-005	3.73855
1.99737e+014	4.80089e-005	3.76062
1.99862e+014	4.79955e-005	3.78253
