('port 1',TE,1,'port 1',1,'transmission')
(101,3)
1.8737e+014	0.00237804	1.04259
1.87495e+014	0.00299084	1.89757
1.8762e+014	0.00347322	2.63763
1.87745e+014	0.00361792	3.34371
1.8787e+014	0.0033905	4.07336
1.87995e+014	0.00292227	4.88541
1.8812e+014	0.00250755	5.83529
1.88245e+014	0.00245994	6.86745
1.8837e+014	0.00273767	7.80609
1.88495e+014	0.00301083	8.60751
1.88619e+014	0.00304645	9.32737
1.88744e+014	0.00278978	10.0189
1.88869e+014	0.00231956	10.7281
1.88994e+014	0.00180373	11.5097
1.89119e+014	0.00145383	12.4042
1.89244e+014	0.00140366	13.3163
1.89369e+014	0.00157382	14.0806
1.89494e+014	0.00182734	14.7035
1.89619e+014	0.00209507	15.2733
1.89744e+014	0.0023298	15.8632
1.89869e+014	0.00249264	16.5205
1.89993e+014	0.00259661	17.2737
1.90118e+014	0.00274178	18.1256
1.90243e+014	0.00306036	19.0317
1.90368e+014	0.0035779	19.9259
1.90493e+014	0.00417767	20.7827
1.90618e+014	0.00470821	21.618
1.90743e+014	0.00508288	22.4582
1.90868e+014	0.00531869	23.3244
1.90993e+014	0.00551811	24.2233
1.91118e+014	0.00579226	25.1427
1.91243e+014	0.00616842	26.0607
1.91368e+014	0.00657227	26.9646
1.91492e+014	0.0069005	27.8577
1.91617e+014	0.00710087	28.7519
1.91742e+014	0.0071991	29.6578
1.91867e+014	0.0072672	30.5778
1.91992e+014	0.00736031	31.5057
1.92117e+014	0.00747367	32.4327
1.92242e+014	0.00755761	33.3555
1.92367e+014	0.00756922	34.2776
1.92492e+014	0.00750755	35.2047
1.92617e+014	0.0074053	36.1396
1.92742e+014	0.00729129	37.0805
1.92866e+014	0.00716299	38.0242
1.92991e+014	0.00699761	38.9705
1.93116e+014	0.00678788	39.9235
1.93241e+014	0.00656173	40.8874
1.93366e+014	0.00636053	41.861
1.93491e+014	0.00619419	42.8378
1.93616e+014	0.00602468	43.8134
1.93741e+014	0.00580583	44.7923
1.93866e+014	0.00554415	45.787
1.93991e+014	0.00531908	46.8065
1.94116e+014	0.0052256	47.8429
1.94241e+014	0.00527464	48.873
1.94365e+014	0.00537014	49.8829
1.9449e+014	0.00540543	50.8815
1.94615e+014	0.00537178	51.8906
1.9474e+014	0.00538017	52.9227
1.94865e+014	0.00556347	53.9634
1.9499e+014	0.00592746	54.9813
1.95115e+014	0.00632977	55.9631
1.9524e+014	0.00661362	56.9225
1.95365e+014	0.00673691	57.8843
1.9549e+014	0.00680414	58.8657
1.95615e+014	0.00698236	59.862
1.95739e+014	0.00734038	60.8486
1.95864e+014	0.00776922	61.8061
1.95989e+014	0.00808149	62.7382
1.96114e+014	0.00816739	63.6647
1.96239e+014	0.00807628	64.6066
1.96364e+014	0.00798615	65.5724
1.96489e+014	0.00806126	66.5478
1.96614e+014	0.00829325	67.507
1.96739e+014	0.00850291	68.4377
1.96864e+014	0.00850111	69.3506
1.96989e+014	0.00823621	70.268
1.97114e+014	0.0078348	71.2109
1.97238e+014	0.00752025	72.1823
1.97363e+014	0.00742703	73.1585
1.97488e+014	0.00746356	74.1092
1.97613e+014	0.00739965	75.0276
1.97738e+014	0.00706914	75.9328
1.97863e+014	0.00649086	76.856
1.97988e+014	0.00586601	77.8233
1.98113e+014	0.0054465	78.8309
1.98238e+014	0.00530108	79.8326
1.98363e+014	0.00522967	80.7879
1.98488e+014	0.00497279	81.7037
1.98613e+014	0.00443038	82.6215
1.98737e+014	0.00372943	83.6
1.98862e+014	0.0031792	84.684
1.98987e+014	0.0030292	85.8159
1.99112e+014	0.00312876	86.8702
1.99237e+014	0.00312071	87.8372
1.99362e+014	0.00283326	88.7966
1.99487e+014	0.00238977	89.8575
1.99612e+014	0.00218689	91.0834
1.99737e+014	0.00249153	92.2859
1.99862e+014	0.00299495	93.3094
('port 2',TE,1,'port 1',1,'transmission')
(101,3)
1.8737e+014	0.000689422	-3.01186
1.87495e+014	0.000600185	-2.0557
1.8762e+014	0.000506812	-1.0105
1.87745e+014	0.00045054	0.130808
1.8787e+014	0.000447938	1.2794
1.87995e+014	0.000469355	2.34139
1.8812e+014	0.000473142	3.31943
1.88245e+014	0.000435867	4.25942
1.8837e+014	0.000354499	5.21695
1.88495e+014	0.00024436	6.29507
1.88619e+014	0.000155695	7.79289
1.88744e+014	0.000191236	9.57102
1.88869e+014	0.000301896	10.8287
1.88994e+014	0.000406247	11.8747
1.89119e+014	0.000483522	12.8856
1.89244e+014	0.000537938	13.923
1.89369e+014	0.000592015	15.0059
1.89494e+014	0.000676515	16.1109
1.89619e+014	0.000808063	17.1889
1.89744e+014	0.000976261	18.213
1.89869e+014	0.00115434	19.1903
1.89993e+014	0.00131531	20.1417
1.90118e+014	0.00144238	21.0882
1.90243e+014	0.00153451	22.0464
1.90368e+014	0.00160758	23.0262
1.90493e+014	0.00168823	24.0266
1.90618e+014	0.00179931	25.0347
1.90743e+014	0.00194472	26.0339
1.90868e+014	0.00210669	27.0144
1.90993e+014	0.00225705	27.9773
1.91118e+014	0.00237193	28.9313
1.91243e+014	0.00244167	29.8869
1.91368e+014	0.00247385	30.8533
1.91492e+014	0.00248971	31.8349
1.91617e+014	0.00251408	32.8295
1.91742e+014	0.00256197	33.8284
1.91867e+014	0.00262973	34.8217
1.91992e+014	0.00269736	35.8041
1.92117e+014	0.00273973	36.7768
1.92242e+014	0.002739	37.7462
1.92367e+014	0.00269234	38.7213
1.92492e+014	0.00261362	39.71
1.92617e+014	0.00252832	40.7165
1.92742e+014	0.00246197	41.7376
1.92866e+014	0.00242599	42.7639
1.92991e+014	0.00241039	43.7846
1.93116e+014	0.00239015	44.7955
1.93241e+014	0.00234067	45.8006
1.93366e+014	0.00225183	46.8109
1.93491e+014	0.00213478	47.8393
1.93616e+014	0.00201934	48.8953
1.93741e+014	0.00194077	49.9771
1.93866e+014	0.00191825	51.0686
1.93991e+014	0.00194093	52.1502
1.94116e+014	0.00197714	53.2141
1.94241e+014	0.00199797	54.2672
1.94365e+014	0.00199533	55.3243
1.9449e+014	0.00198679	56.3979
1.94615e+014	0.00200647	57.4898
1.9474e+014	0.00208337	58.5864
1.94865e+014	0.00221964	59.6676
1.9499e+014	0.00238899	60.7223
1.95115e+014	0.00255521	61.7534
1.9524e+014	0.0026923	62.7719
1.95365e+014	0.00279526	63.7898
1.9549e+014	0.00288048	64.8151
1.95615e+014	0.0029762	65.8484
1.95739e+014	0.00310542	66.8827
1.95864e+014	0.0032704	67.9081
1.95989e+014	0.00345019	68.9186
1.96114e+014	0.00361285	69.9148
1.96239e+014	0.00373234	70.903
1.96364e+014	0.00380064	71.8913
1.96489e+014	0.00383072	72.8861
1.96614e+014	0.00384949	73.8899
1.96739e+014	0.00388282	74.8994
1.96864e+014	0.00393994	75.9073
1.96989e+014	0.00400771	76.9075
1.97114e+014	0.00405891	77.8979
1.97238e+014	0.00406775	78.8815
1.97363e+014	0.00402234	79.8641
1.97488e+014	0.00392904	80.8519
1.97613e+014	0.00380826	81.849
1.97738e+014	0.00368442	82.8559
1.97863e+014	0.00357424	83.8689
1.97988e+014	0.0034791	84.8823
1.98113e+014	0.0033855	85.8913
1.98238e+014	0.00327265	86.8947
1.98363e+014	0.00312254	87.8958
1.98488e+014	0.00292817	88.9015
1.98613e+014	0.0026987	89.9216
1.98737e+014	0.00246009	90.9661
1.98862e+014	0.00224846	92.0403
1.98987e+014	0.00209296	93.1377
1.99112e+014	0.00199466	94.2406
1.99237e+014	0.00192287	95.3349
1.99362e+014	0.00183936	96.4244
1.99487e+014	0.00173171	97.5312
1.99612e+014	0.00163382	98.6818
1.99737e+014	0.00161603	99.8769
1.99862e+014	0.00172707	101.068
('port 3',TE,1,'port 1',1,'transmission')
(101,3)
1.8737e+014	0.134045	0.958108
1.87495e+014	0.138934	1.43561
1.8762e+014	0.143922	1.91546
1.87745e+014	0.148995	2.39744
1.8787e+014	0.15414	2.88137
1.87995e+014	0.159344	3.36707
1.8812e+014	0.1646	3.85439
1.88245e+014	0.169897	4.34319
1.8837e+014	0.175228	4.83334
1.88495e+014	0.180586	5.32472
1.88619e+014	0.185965	5.81724
1.88744e+014	0.19136	6.3108
1.88869e+014	0.196765	6.80531
1.88994e+014	0.202176	7.3007
1.89119e+014	0.20759	7.79689
1.89244e+014	0.213003	8.29382
1.89369e+014	0.218411	8.79143
1.89494e+014	0.223814	9.28968
1.89619e+014	0.229208	9.78851
1.89744e+014	0.234592	10.2879
1.89869e+014	0.239964	10.7878
1.89993e+014	0.245323	11.2881
1.90118e+014	0.250666	11.7889
1.90243e+014	0.255992	12.2901
1.90368e+014	0.261299	12.7917
1.90493e+014	0.266585	13.2936
1.90618e+014	0.271849	13.7959
1.90743e+014	0.277091	14.2985
1.90868e+014	0.28231	14.8014
1.90993e+014	0.287506	15.3045
1.91118e+014	0.292679	15.8079
1.91243e+014	0.297828	16.3116
1.91368e+014	0.302951	16.8155
1.91492e+014	0.308049	17.3196
1.91617e+014	0.313121	17.8239
1.91742e+014	0.318167	18.3284
1.91867e+014	0.323187	18.8331
1.91992e+014	0.328179	19.338
1.92117e+014	0.333142	19.8431
1.92242e+014	0.338077	20.3483
1.92367e+014	0.342982	20.8536
1.92492e+014	0.347859	21.3591
1.92617e+014	0.352708	21.8647
1.92742e+014	0.357529	22.3705
1.92866e+014	0.362322	22.8764
1.92991e+014	0.367087	23.3824
1.93116e+014	0.371822	23.8885
1.93241e+014	0.376527	24.3948
1.93366e+014	0.381203	24.9011
1.93491e+014	0.38585	25.4075
1.93616e+014	0.390467	25.914
1.93741e+014	0.395054	26.4207
1.93866e+014	0.399611	26.9274
1.93991e+014	0.404137	27.4342
1.94116e+014	0.408634	27.941
1.94241e+014	0.413103	28.448
1.94365e+014	0.417543	28.955
1.9449e+014	0.421954	29.4621
1.94615e+014	0.426336	29.9693
1.9474e+014	0.430688	30.4765
1.94865e+014	0.43501	30.9838
1.9499e+014	0.439302	31.4912
1.95115e+014	0.443566	31.9986
1.9524e+014	0.447801	32.5061
1.95365e+014	0.452005	33.0136
1.9549e+014	0.45618	33.5212
1.95615e+014	0.460325	34.0288
1.95739e+014	0.464441	34.5365
1.95864e+014	0.468531	35.0443
1.95989e+014	0.472592	35.552
1.96114e+014	0.476625	36.0599
1.96239e+014	0.480629	36.5678
1.96364e+014	0.484603	37.0757
1.96489e+014	0.488548	37.5837
1.96614e+014	0.492466	38.0917
1.96739e+014	0.496355	38.5997
1.96864e+014	0.500217	39.1078
1.96989e+014	0.504051	39.6159
1.97114e+014	0.507856	40.1241
1.97238e+014	0.511634	40.6323
1.97363e+014	0.515385	41.1405
1.97488e+014	0.519109	41.6488
1.97613e+014	0.522807	42.1571
1.97738e+014	0.526478	42.6654
1.97863e+014	0.53012	43.1738
1.97988e+014	0.533735	43.6822
1.98113e+014	0.537323	44.1906
1.98238e+014	0.540884	44.6991
1.98363e+014	0.544419	45.2076
1.98488e+014	0.547927	45.7161
1.98613e+014	0.551408	46.2246
1.98737e+014	0.554864	46.7332
1.98862e+014	0.558294	47.2418
1.98987e+014	0.561699	47.7504
1.99112e+014	0.565078	48.2591
1.99237e+014	0.568432	48.7678
1.99362e+014	0.57176	49.2765
1.99487e+014	0.575062	49.7852
1.99612e+014	0.57834	50.294
1.99737e+014	0.581594	50.8027
1.99862e+014	0.584822	51.3115
('port 4',TE,1,'port 1',1,'transmission')
(101,3)
1.8737e+014	0.985355	1.96041
1.87495e+014	0.984684	2.53301
1.8762e+014	0.983973	3.10563
1.87745e+014	0.983223	3.67824
1.8787e+014	0.982436	4.25087
1.87995e+014	0.981612	4.8235
1.8812e+014	0.980751	5.39614
1.88245e+014	0.979853	5.96879
1.8837e+014	0.978917	6.54144
1.88495e+014	0.977945	7.1141
1.88619e+014	0.976938	7.68676
1.88744e+014	0.975897	8.25943
1.88869e+014	0.974824	8.8321
1.88994e+014	0.973717	9.40478
1.89119e+014	0.972579	9.97747
1.89244e+014	0.97141	10.5502
1.89369e+014	0.97021	11.1229
1.89494e+014	0.96898	11.6956
1.89619e+014	0.967721	12.2683
1.89744e+014	0.966432	12.841
1.89869e+014	0.965113	13.4137
1.89993e+014	0.963767	13.9864
1.90118e+014	0.962394	14.5591
1.90243e+014	0.960995	15.1319
1.90368e+014	0.959568	15.7046
1.90493e+014	0.958114	16.2774
1.90618e+014	0.956632	16.8501
1.90743e+014	0.955123	17.4229
1.90868e+014	0.953589	17.9957
1.90993e+014	0.952032	18.5684
1.91118e+014	0.950452	19.1412
1.91243e+014	0.948849	19.714
1.91368e+014	0.94722	20.2868
1.91492e+014	0.945568	20.8596
1.91617e+014	0.943895	21.4324
1.91742e+014	0.942202	22.0052
1.91867e+014	0.940491	22.578
1.91992e+014	0.938762	23.1508
1.92117e+014	0.937013	23.7236
1.92242e+014	0.935244	24.2964
1.92367e+014	0.933456	24.8692
1.92492e+014	0.93165	25.442
1.92617e+014	0.929829	26.0148
1.92742e+014	0.927992	26.5876
1.92866e+014	0.92614	27.1605
1.92991e+014	0.92427	27.7333
1.93116e+014	0.922381	28.3062
1.93241e+014	0.920476	28.879
1.93366e+014	0.918555	29.4519
1.93491e+014	0.91662	30.0247
1.93616e+014	0.914671	30.5976
1.93741e+014	0.912707	31.1705
1.93866e+014	0.910727	31.7433
1.93991e+014	0.908731	32.3162
1.94116e+014	0.906721	32.8891
1.94241e+014	0.904699	33.462
1.94365e+014	0.902664	34.0349
1.9449e+014	0.900616	34.6078
1.94615e+014	0.898555	35.1807
1.9474e+014	0.89648	35.7536
1.94865e+014	0.894393	36.3265
1.9499e+014	0.892295	36.8994
1.95115e+014	0.890187	37.4723
1.9524e+014	0.888068	38.0453
1.95365e+014	0.885938	38.6182
1.9549e+014	0.883794	39.1911
1.95615e+014	0.881639	39.7641
1.95739e+014	0.879474	40.337
1.95864e+014	0.877301	40.9099
1.95989e+014	0.875119	41.4829
1.96114e+014	0.872926	42.0558
1.96239e+014	0.870723	42.6288
1.96364e+014	0.86851	43.2018
1.96489e+014	0.866288	43.7747
1.96614e+014	0.864061	44.3477
1.96739e+014	0.861827	44.9206
1.96864e+014	0.859587	45.4936
1.96989e+014	0.85734	46.0666
1.97114e+014	0.855087	46.6395
1.97238e+014	0.852827	47.2125
1.97363e+014	0.850564	47.7855
1.97488e+014	0.848297	48.3585
1.97613e+014	0.846027	48.9315
1.97738e+014	0.843751	49.5045
1.97863e+014	0.84147	50.0775
1.97988e+014	0.839185	50.6505
1.98113e+014	0.836895	51.2235
1.98238e+014	0.8346	51.7965
1.98363e+014	0.832301	52.3696
1.98488e+014	0.829995	52.9426
1.98613e+014	0.827683	53.5156
1.98737e+014	0.825366	54.0887
1.98862e+014	0.823043	54.6617
1.98987e+014	0.820715	55.2348
1.99112e+014	0.818383	55.8079
1.99237e+014	0.816046	56.3809
1.99362e+014	0.813705	56.954
1.99487e+014	0.81136	57.5271
1.99612e+014	0.809012	58.1002
1.99737e+014	0.806662	58.6733
1.99862e+014	0.804309	59.2463
('port 1',TE,1,'port 2',1,'transmission')
(101,3)
1.8737e+014	0.000348581	1.90612
1.87495e+014	0.000374175	2.72705
1.8762e+014	0.000374962	3.57471
1.87745e+014	0.000355429	4.47097
1.8787e+014	0.000328182	5.44319
1.87995e+014	0.000314524	6.49964
1.8812e+014	0.00033362	7.57851
1.88245e+014	0.000382882	8.58591
1.8837e+014	0.000440913	9.49651
1.88495e+014	0.000485838	10.3361
1.88619e+014	0.000503618	11.1358
1.88744e+014	0.000489302	11.9214
1.88869e+014	0.000446871	12.7177
1.88994e+014	0.000388828	13.5536
1.89119e+014	0.000335326	14.4588
1.89244e+014	0.000309617	15.4293
1.89369e+014	0.000323856	16.3859
1.89494e+014	0.000369674	17.2502
1.89619e+014	0.000432033	18.0244
1.89744e+014	0.000500976	18.7499
1.89869e+014	0.000570435	19.4667
1.89993e+014	0.000635454	20.2047
1.90118e+014	0.000692969	20.9847
1.90243e+014	0.000745267	21.8196
1.90368e+014	0.00080298	22.7126
1.90493e+014	0.000883336	23.6518
1.90618e+014	0.00100124	24.6117
1.90743e+014	0.00115886	25.5672
1.90868e+014	0.00134363	26.5067
1.90993e+014	0.00153475	27.4327
1.91118e+014	0.00171167	28.3544
1.91243e+014	0.00186075	29.2821
1.91368e+014	0.00197986	30.225
1.91492e+014	0.00207987	31.1886
1.91617e+014	0.00218094	32.1723
1.91742e+014	0.00230241	33.1684
1.91867e+014	0.00245042	34.1657
1.91992e+014	0.00261228	35.1554
1.92117e+014	0.00276246	36.1359
1.92242e+014	0.0028755	37.1121
1.92367e+014	0.00293809	38.0922
1.92492e+014	0.00295533	39.0846
1.92617e+014	0.00294902	40.0942
1.92742e+014	0.00294721	41.1199
1.92866e+014	0.00296839	42.1541
1.92991e+014	0.00300983	43.1873
1.93116e+014	0.00304958	44.2141
1.93241e+014	0.00306058	45.2362
1.93366e+014	0.00302671	46.2609
1.93491e+014	0.00295236	47.2979
1.93616e+014	0.00286268	48.3549
1.93741e+014	0.00279318	49.4326
1.93866e+014	0.0027706	50.5223
1.93991e+014	0.00279577	51.6106
1.94116e+014	0.00284369	52.6885
1.94241e+014	0.00288221	53.7574
1.94365e+014	0.00289417	54.8266
1.9449e+014	0.00288965	55.9064
1.94615e+014	0.00290245	57.0014
1.9474e+014	0.00296955	58.1045
1.94865e+014	0.00310367	59.2004
1.9499e+014	0.00328205	60.2771
1.95115e+014	0.00346267	61.3334
1.9524e+014	0.00361113	62.3772
1.95365e+014	0.00371851	63.4188
1.9549e+014	0.00380318	64.4655
1.95615e+014	0.00389732	65.5176
1.95739e+014	0.00402451	66.5689
1.95864e+014	0.00418281	67.6108
1.95989e+014	0.00434583	68.6388
1.96114e+014	0.00447947	69.6543
1.96239e+014	0.00456039	70.6627
1.96364e+014	0.00458579	71.6706
1.96489e+014	0.00457216	72.6826
1.96614e+014	0.00454512	73.6996
1.96739e+014	0.0045255	74.7188
1.96864e+014	0.00451844	75.7348
1.96989e+014	0.00451166	76.7434
1.97114e+014	0.00448298	77.743
1.97238e+014	0.00441175	78.7355
1.97363e+014	0.00428828	79.7254
1.97488e+014	0.00411821	80.7179
1.97613e+014	0.00392104	81.7176
1.97738e+014	0.00372292	82.7259
1.97863e+014	0.00354494	83.7398
1.97988e+014	0.003392	84.7529
1.98113e+014	0.00324948	85.7585
1.98238e+014	0.00309143	86.7547
1.98363e+014	0.00289552	87.7455
1.98488e+014	0.00265612	88.741
1.98613e+014	0.00239008	89.7547
1.98737e+014	0.0021334	90.7987
1.98862e+014	0.00192636	91.8753
1.98987e+014	0.00178917	92.9699
1.99112e+014	0.00170508	94.0599
1.99237e+014	0.00163342	95.136
1.99362e+014	0.00154266	96.2119
1.99487e+014	0.00143603	97.3164
1.99612e+014	0.0013582	98.4734
1.99737e+014	0.00137213	99.6679
1.99862e+014	0.00150187	100.84
('port 2',TE,1,'port 2',1,'transmission')
(101,3)
1.8737e+014	0.000512234	-1.10992
1.87495e+014	0.000454277	-0.927152
1.8762e+014	0.000380962	-0.764352
1.87745e+014	0.000303337	-0.638841
1.8787e+014	0.000229982	-0.557188
1.87995e+014	0.000161136	-0.521844
1.8812e+014	9.23307e-005	-0.617838
1.88245e+014	4.83408e-005	-1.57666
1.8837e+014	0.000108605	-2.36597
1.88495e+014	0.000194029	-2.35479
1.88619e+014	0.000272036	-2.2136
1.88744e+014	0.000335284	-2.05205
1.88869e+014	0.000385533	-1.89863
1.88994e+014	0.000429377	-1.75325
1.89119e+014	0.000470741	-1.60052
1.89244e+014	0.000505538	-1.42637
1.89369e+014	0.000524031	-1.22983
1.89494e+014	0.000518205	-1.02239
1.89619e+014	0.000487913	-0.82146
1.89744e+014	0.000442209	-0.642059
1.89869e+014	0.000394325	-0.483608
1.89993e+014	0.000351304	-0.316732
1.90118e+014	0.000307169	-0.0908827
1.90243e+014	0.000250445	0.249767
1.90368e+014	0.00018234	0.805237
1.90493e+014	0.000142717	1.76944
1.90618e+014	0.000187312	2.75842
1.90743e+014	0.000270232	3.33428
1.90868e+014	0.000345275	3.67621
1.90993e+014	0.000410855	3.87643
1.91118e+014	0.000492822	3.99504
1.91243e+014	0.000614032	4.1157
1.91368e+014	0.000764575	4.29073
1.91492e+014	0.000908923	4.51462
1.91617e+014	0.001011	4.7573
1.91742e+014	0.00105352	4.98552
1.91867e+014	0.00104985	5.16938
1.91992e+014	0.00104357	5.29637
1.92117e+014	0.00108117	5.39548
1.92242e+014	0.00116571	5.5226
1.92367e+014	0.00125069	5.70305
1.92492e+014	0.00128254	5.91985
1.92617e+014	0.00123697	6.13748
1.92742e+014	0.00113288	6.31611
1.92866e+014	0.00102788	6.42737
1.92991e+014	0.000983014	6.49373
1.93116e+014	0.00100068	6.59082
1.93241e+014	0.00101978	6.75959
1.93366e+014	0.000981014	6.97655
1.93491e+014	0.000869396	7.18937
1.93616e+014	0.000720999	7.33205
1.93741e+014	0.000611066	7.35697
1.93866e+014	0.000594443	7.34979
1.93991e+014	0.000627758	7.46117
1.94116e+014	0.000630543	7.69231
1.94241e+014	0.000566853	7.96749
1.94365e+014	0.000452552	8.19163
1.9449e+014	0.000350422	8.23825
1.94615e+014	0.000345031	8.15508
1.9474e+014	0.000423099	8.27826
1.94865e+014	0.000501589	8.61722
1.9499e+014	0.00053633	9.04571
1.95115e+014	0.000515649	9.47034
1.9524e+014	0.00045157	9.79216
1.95365e+014	0.000400235	9.88703
1.9549e+014	0.000464176	9.8455
1.95615e+014	0.000647544	9.98582
1.95739e+014	0.00085232	10.2901
1.95864e+014	0.00099517	10.6476
1.95989e+014	0.00102957	10.9851
1.96114e+014	0.000962773	11.2331
1.96239e+014	0.00088606	11.3183
1.96364e+014	0.000951737	11.2962
1.96489e+014	0.00118097	11.3803
1.96614e+014	0.00142953	11.6088
1.96739e+014	0.00156484	11.9048
1.96864e+014	0.001529	12.1975
1.96989e+014	0.00135285	12.4161
1.97114e+014	0.00117207	12.4855
1.97238e+014	0.00117377	12.4493
1.97363e+014	0.00136058	12.5161
1.97488e+014	0.00154229	12.7331
1.97613e+014	0.00157219	13.0247
1.97738e+014	0.00141053	13.3158
1.97863e+014	0.00111853	13.5198
1.97988e+014	0.000862591	13.5185
1.98113e+014	0.000839544	13.3837
1.98238e+014	0.000974782	13.4428
1.98363e+014	0.0010449	13.6933
1.98488e+014	0.000951226	14.0163
1.98613e+014	0.000707844	14.3113
1.98737e+014	0.000416273	14.3747
1.98862e+014	0.000315637	13.8543
1.98987e+014	0.000451644	13.7078
1.99112e+014	0.000529272	13.9804
1.99237e+014	0.000464741	14.35
1.99362e+014	0.000284853	14.6466
1.99487e+014	0.000119649	14.0962
1.99612e+014	0.000247596	13.468
1.99737e+014	0.000376166	13.8297
1.99862e+014	0.000395378	14.3689
('port 3',TE,1,'port 2',1,'transmission')
(101,3)
1.8737e+014	0.985674	-1.30241
1.87495e+014	0.985003	-0.72988
1.8762e+014	0.984293	-0.157346
1.87745e+014	0.983544	0.415194
1.8787e+014	0.982757	0.987743
1.87995e+014	0.981931	1.5603
1.8812e+014	0.981067	2.13286
1.88245e+014	0.980165	2.70543
1.8837e+014	0.979228	3.278
1.88495e+014	0.978255	3.85058
1.88619e+014	0.977248	4.42316
1.88744e+014	0.976206	4.99575
1.88869e+014	0.97513	5.56834
1.88994e+014	0.974022	6.14094
1.89119e+014	0.972882	6.71355
1.89244e+014	0.971711	7.28616
1.89369e+014	0.970509	7.85877
1.89494e+014	0.969276	8.43139
1.89619e+014	0.968014	9.00402
1.89744e+014	0.966722	9.57666
1.89869e+014	0.965403	10.1493
1.89993e+014	0.964056	10.7219
1.90118e+014	0.962681	11.2946
1.90243e+014	0.961279	11.8673
1.90368e+014	0.959851	12.4399
1.90493e+014	0.958397	13.0126
1.90618e+014	0.956916	13.5853
1.90743e+014	0.955409	14.158
1.90868e+014	0.953876	14.7306
1.90993e+014	0.952318	15.3033
1.91118e+014	0.950736	15.876
1.91243e+014	0.94913	16.4487
1.91368e+014	0.947501	17.0214
1.91492e+014	0.94585	17.5941
1.91617e+014	0.944176	18.1669
1.91742e+014	0.942483	18.7396
1.91867e+014	0.940769	19.3123
1.91992e+014	0.939036	19.885
1.92117e+014	0.937284	20.4577
1.92242e+014	0.935514	21.0305
1.92367e+014	0.933726	21.6032
1.92492e+014	0.931922	22.1759
1.92617e+014	0.930102	22.7487
1.92742e+014	0.928265	23.3214
1.92866e+014	0.92641	23.8942
1.92991e+014	0.92454	24.4669
1.93116e+014	0.922654	25.0397
1.93241e+014	0.920752	25.6125
1.93366e+014	0.918834	26.1852
1.93491e+014	0.916899	26.758
1.93616e+014	0.914948	27.3308
1.93741e+014	0.912982	27.9036
1.93866e+014	0.911002	28.4764
1.93991e+014	0.909007	29.0492
1.94116e+014	0.906997	29.622
1.94241e+014	0.904972	30.1948
1.94365e+014	0.902933	30.7676
1.9449e+014	0.900881	31.3404
1.94615e+014	0.898816	31.9132
1.9474e+014	0.896739	32.486
1.94865e+014	0.894648	33.0589
1.9499e+014	0.892546	33.6317
1.95115e+014	0.890432	34.2046
1.9524e+014	0.888308	34.7774
1.95365e+014	0.886174	35.3502
1.9549e+014	0.884029	35.9231
1.95615e+014	0.881873	36.496
1.95739e+014	0.879706	37.0688
1.95864e+014	0.877529	37.6417
1.95989e+014	0.875343	38.2146
1.96114e+014	0.873148	38.7874
1.96239e+014	0.870942	39.3603
1.96364e+014	0.868728	39.9332
1.96489e+014	0.866505	40.5061
1.96614e+014	0.864276	41.0789
1.96739e+014	0.862041	41.6518
1.96864e+014	0.859801	42.2247
1.96989e+014	0.857556	42.7976
1.97114e+014	0.855307	43.3705
1.97238e+014	0.853052	43.9434
1.97363e+014	0.850791	44.5163
1.97488e+014	0.848525	45.0892
1.97613e+014	0.846254	45.6621
1.97738e+014	0.843978	46.235
1.97863e+014	0.841699	46.808
1.97988e+014	0.839415	47.3809
1.98113e+014	0.837127	47.9538
1.98238e+014	0.834833	48.5268
1.98363e+014	0.832534	49.0997
1.98488e+014	0.83023	49.6727
1.98613e+014	0.82792	50.2456
1.98737e+014	0.825604	50.8186
1.98862e+014	0.823281	51.3916
1.98987e+014	0.820951	51.9645
1.99112e+014	0.818616	52.5375
1.99237e+014	0.816278	53.1105
1.99362e+014	0.813936	53.6835
1.99487e+014	0.811591	54.2565
1.99612e+014	0.809243	54.8295
1.99737e+014	0.806893	55.4025
1.99862e+014	0.804542	55.9755
('port 4',TE,1,'port 2',1,'transmission')
(101,3)
1.8737e+014	0.134048	2.83838
1.87495e+014	0.138886	3.50606
1.8762e+014	0.143826	4.17145
1.87745e+014	0.148853	4.83474
1.8787e+014	0.153954	5.49612
1.87995e+014	0.159118	6.15575
1.8812e+014	0.164335	6.81378
1.88245e+014	0.169596	7.47035
1.8837e+014	0.174893	8.12558
1.88495e+014	0.18022	8.77958
1.88619e+014	0.185569	9.43247
1.88744e+014	0.190936	10.0843
1.88869e+014	0.196316	10.7352
1.88994e+014	0.201704	11.3853
1.89119e+014	0.207096	12.0345
1.89244e+014	0.21249	12.683
1.89369e+014	0.21788	13.3308
1.89494e+014	0.223266	13.978
1.89619e+014	0.228643	14.6246
1.89744e+014	0.23401	15.2707
1.89869e+014	0.239365	15.9163
1.89993e+014	0.244705	16.5614
1.90118e+014	0.25003	17.2062
1.90243e+014	0.255338	17.8505
1.90368e+014	0.260629	18.4944
1.90493e+014	0.265902	19.1381
1.90618e+014	0.271156	19.7814
1.90743e+014	0.276392	20.4244
1.90868e+014	0.281609	21.0671
1.90993e+014	0.286808	21.7096
1.91118e+014	0.291989	22.3518
1.91243e+014	0.297152	22.9937
1.91368e+014	0.302297	23.6355
1.91492e+014	0.307424	24.277
1.91617e+014	0.312532	24.9183
1.91742e+014	0.31762	25.5593
1.91867e+014	0.322688	26.2002
1.91992e+014	0.327735	26.8409
1.92117e+014	0.332757	27.4814
1.92242e+014	0.337755	28.1217
1.92367e+014	0.342725	28.7618
1.92492e+014	0.347667	29.4018
1.92617e+014	0.352577	30.0416
1.92742e+014	0.357455	30.6813
1.92866e+014	0.362297	31.3208
1.92991e+014	0.367104	31.9603
1.93116e+014	0.371873	32.5996
1.93241e+014	0.376605	33.2388
1.93366e+014	0.381299	33.8779
1.93491e+014	0.385953	34.5169
1.93616e+014	0.39057	35.1559
1.93741e+014	0.395149	35.7948
1.93866e+014	0.399691	36.4336
1.93991e+014	0.404197	37.0724
1.94116e+014	0.408668	37.7111
1.94241e+014	0.413105	38.3497
1.94365e+014	0.417507	38.9883
1.9449e+014	0.421878	39.6268
1.94615e+014	0.426217	40.2653
1.9474e+014	0.430524	40.9038
1.94865e+014	0.434801	41.5422
1.9499e+014	0.439048	42.1806
1.95115e+014	0.443264	42.8189
1.9524e+014	0.447452	43.4572
1.95365e+014	0.451611	44.0954
1.9549e+014	0.455741	44.7336
1.95615e+014	0.459843	45.3718
1.95739e+014	0.463917	46.01
1.95864e+014	0.467965	46.6481
1.95989e+014	0.471986	47.2861
1.96114e+014	0.475981	47.9242
1.96239e+014	0.479951	48.5622
1.96364e+014	0.483895	49.2001
1.96489e+014	0.487815	49.8381
1.96614e+014	0.491711	50.4759
1.96739e+014	0.495584	51.1138
1.96864e+014	0.499433	51.7516
1.96989e+014	0.503259	52.3894
1.97114e+014	0.507062	53.0271
1.97238e+014	0.51084	53.6649
1.97363e+014	0.514594	54.3025
1.97488e+014	0.518323	54.9402
1.97613e+014	0.522026	55.5778
1.97738e+014	0.525704	56.2154
1.97863e+014	0.529356	56.853
1.97988e+014	0.532983	57.4906
1.98113e+014	0.536582	58.1282
1.98238e+014	0.540155	58.7657
1.98363e+014	0.543701	59.4032
1.98488e+014	0.547222	60.0407
1.98613e+014	0.550717	60.6782
1.98737e+014	0.554187	61.3157
1.98862e+014	0.557632	61.9531
1.98987e+014	0.561051	62.5906
1.99112e+014	0.564446	63.228
1.99237e+014	0.567817	63.8654
1.99362e+014	0.571164	64.5028
1.99487e+014	0.574484	65.1401
1.99612e+014	0.577779	65.7775
1.99737e+014	0.581047	66.4148
1.99862e+014	0.584288	67.0521
('port 1',TE,1,'port 3',1,'transmission')
(101,3)
1.8737e+014	0.134045	0.958108
1.87495e+014	0.138934	1.43561
1.8762e+014	0.143922	1.91546
1.87745e+014	0.148995	2.39744
1.8787e+014	0.15414	2.88137
1.87995e+014	0.159344	3.36707
1.8812e+014	0.1646	3.85439
1.88245e+014	0.169897	4.34319
1.8837e+014	0.175228	4.83334
1.88495e+014	0.180586	5.32472
1.88619e+014	0.185965	5.81724
1.88744e+014	0.19136	6.3108
1.88869e+014	0.196765	6.80531
1.88994e+014	0.202176	7.3007
1.89119e+014	0.20759	7.79689
1.89244e+014	0.213003	8.29382
1.89369e+014	0.218411	8.79143
1.89494e+014	0.223814	9.28968
1.89619e+014	0.229208	9.78851
1.89744e+014	0.234592	10.2879
1.89869e+014	0.239964	10.7878
1.89993e+014	0.245323	11.2881
1.90118e+014	0.250666	11.7889
1.90243e+014	0.255992	12.2901
1.90368e+014	0.261299	12.7917
1.90493e+014	0.266585	13.2936
1.90618e+014	0.271849	13.7959
1.90743e+014	0.277091	14.2985
1.90868e+014	0.28231	14.8014
1.90993e+014	0.287506	15.3045
1.91118e+014	0.292679	15.8079
1.91243e+014	0.297828	16.3116
1.91368e+014	0.302951	16.8155
1.91492e+014	0.308049	17.3196
1.91617e+014	0.313121	17.8239
1.91742e+014	0.318167	18.3284
1.91867e+014	0.323187	18.8331
1.91992e+014	0.328179	19.338
1.92117e+014	0.333142	19.8431
1.92242e+014	0.338077	20.3483
1.92367e+014	0.342982	20.8536
1.92492e+014	0.347859	21.3591
1.92617e+014	0.352708	21.8647
1.92742e+014	0.357529	22.3705
1.92866e+014	0.362322	22.8764
1.92991e+014	0.367087	23.3824
1.93116e+014	0.371822	23.8885
1.93241e+014	0.376527	24.3948
1.93366e+014	0.381203	24.9011
1.93491e+014	0.38585	25.4075
1.93616e+014	0.390467	25.914
1.93741e+014	0.395054	26.4207
1.93866e+014	0.399611	26.9274
1.93991e+014	0.404137	27.4342
1.94116e+014	0.408634	27.941
1.94241e+014	0.413103	28.448
1.94365e+014	0.417543	28.955
1.9449e+014	0.421954	29.4621
1.94615e+014	0.426336	29.9693
1.9474e+014	0.430688	30.4765
1.94865e+014	0.43501	30.9838
1.9499e+014	0.439302	31.4912
1.95115e+014	0.443566	31.9986
1.9524e+014	0.447801	32.5061
1.95365e+014	0.452005	33.0136
1.9549e+014	0.45618	33.5212
1.95615e+014	0.460325	34.0288
1.95739e+014	0.464441	34.5365
1.95864e+014	0.468531	35.0443
1.95989e+014	0.472592	35.552
1.96114e+014	0.476625	36.0599
1.96239e+014	0.480629	36.5678
1.96364e+014	0.484603	37.0757
1.96489e+014	0.488548	37.5837
1.96614e+014	0.492466	38.0917
1.96739e+014	0.496355	38.5997
1.96864e+014	0.500217	39.1078
1.96989e+014	0.504051	39.6159
1.97114e+014	0.507856	40.1241
1.97238e+014	0.511634	40.6323
1.97363e+014	0.515385	41.1405
1.97488e+014	0.519109	41.6488
1.97613e+014	0.522807	42.1571
1.97738e+014	0.526478	42.6654
1.97863e+014	0.53012	43.1738
1.97988e+014	0.533735	43.6822
1.98113e+014	0.537323	44.1906
1.98238e+014	0.540884	44.6991
1.98363e+014	0.544419	45.2076
1.98488e+014	0.547927	45.7161
1.98613e+014	0.551408	46.2246
1.98737e+014	0.554864	46.7332
1.98862e+014	0.558294	47.2418
1.98987e+014	0.561699	47.7504
1.99112e+014	0.565078	48.2591
1.99237e+014	0.568432	48.7678
1.99362e+014	0.57176	49.2765
1.99487e+014	0.575062	49.7852
1.99612e+014	0.57834	50.294
1.99737e+014	0.581594	50.8027
1.99862e+014	0.584822	51.3115
('port 2',TE,1,'port 3',1,'transmission')
(101,3)
1.8737e+014	0.985355	-1.18119
1.87495e+014	0.984684	-0.60858
1.8762e+014	0.983973	-0.0359674
1.87745e+014	0.983223	0.536652
1.8787e+014	0.982436	1.10928
1.87995e+014	0.981612	1.68191
1.8812e+014	0.980751	2.25455
1.88245e+014	0.979853	2.8272
1.8837e+014	0.978917	3.39985
1.88495e+014	0.977945	3.97251
1.88619e+014	0.976938	4.54517
1.88744e+014	0.975897	5.11784
1.88869e+014	0.974824	5.69051
1.88994e+014	0.973717	6.26319
1.89119e+014	0.972579	6.83587
1.89244e+014	0.97141	7.40856
1.89369e+014	0.97021	7.98126
1.89494e+014	0.96898	8.55396
1.89619e+014	0.967721	9.12667
1.89744e+014	0.966432	9.69938
1.89869e+014	0.965113	10.2721
1.89993e+014	0.963767	10.8448
1.90118e+014	0.962394	11.4176
1.90243e+014	0.960995	11.9903
1.90368e+014	0.959568	12.563
1.90493e+014	0.958114	13.1358
1.90618e+014	0.956632	13.7086
1.90743e+014	0.955123	14.2813
1.90868e+014	0.953589	14.8541
1.90993e+014	0.952032	15.4269
1.91118e+014	0.950452	15.9996
1.91243e+014	0.948849	16.5724
1.91368e+014	0.94722	17.1452
1.91492e+014	0.945568	17.718
1.91617e+014	0.943895	18.2908
1.91742e+014	0.942202	18.8636
1.91867e+014	0.940491	19.4364
1.91992e+014	0.938762	20.0092
1.92117e+014	0.937013	20.582
1.92242e+014	0.935244	21.1548
1.92367e+014	0.933456	21.7276
1.92492e+014	0.93165	22.3004
1.92617e+014	0.929829	22.8732
1.92742e+014	0.927992	23.4461
1.92866e+014	0.92614	24.0189
1.92991e+014	0.92427	24.5917
1.93116e+014	0.922381	25.1646
1.93241e+014	0.920476	25.7374
1.93366e+014	0.918555	26.3103
1.93491e+014	0.91662	26.8831
1.93616e+014	0.914671	27.456
1.93741e+014	0.912707	28.0289
1.93866e+014	0.910727	28.6017
1.93991e+014	0.908731	29.1746
1.94116e+014	0.906721	29.7475
1.94241e+014	0.904699	30.3204
1.94365e+014	0.902664	30.8933
1.9449e+014	0.900616	31.4662
1.94615e+014	0.898555	32.0391
1.9474e+014	0.89648	32.612
1.94865e+014	0.894393	33.1849
1.9499e+014	0.892295	33.7578
1.95115e+014	0.890187	34.3307
1.9524e+014	0.888068	34.9037
1.95365e+014	0.885938	35.4766
1.9549e+014	0.883794	36.0495
1.95615e+014	0.881639	36.6225
1.95739e+014	0.879474	37.1954
1.95864e+014	0.877301	37.7684
1.95989e+014	0.875119	38.3413
1.96114e+014	0.872926	38.9143
1.96239e+014	0.870723	39.4872
1.96364e+014	0.86851	40.0602
1.96489e+014	0.866288	40.6331
1.96614e+014	0.864061	41.2061
1.96739e+014	0.861827	41.779
1.96864e+014	0.859587	42.352
1.96989e+014	0.85734	42.925
1.97114e+014	0.855087	43.4979
1.97238e+014	0.852827	44.0709
1.97363e+014	0.850564	44.6439
1.97488e+014	0.848297	45.2169
1.97613e+014	0.846027	45.7899
1.97738e+014	0.843751	46.3629
1.97863e+014	0.84147	46.9359
1.97988e+014	0.839185	47.5089
1.98113e+014	0.836895	48.0819
1.98238e+014	0.8346	48.6549
1.98363e+014	0.832301	49.228
1.98488e+014	0.829995	49.801
1.98613e+014	0.827683	50.374
1.98737e+014	0.825366	50.9471
1.98862e+014	0.823043	51.5201
1.98987e+014	0.820715	52.0932
1.99112e+014	0.818383	52.6663
1.99237e+014	0.816046	53.2393
1.99362e+014	0.813705	53.8124
1.99487e+014	0.81136	54.3855
1.99612e+014	0.809012	54.9586
1.99737e+014	0.806662	55.5317
1.99862e+014	0.804309	56.1048
('port 3',TE,1,'port 3',1,'transmission')
(101,3)
1.8737e+014	0.00237804	1.04259
1.87495e+014	0.00299084	1.89757
1.8762e+014	0.00347322	2.63763
1.87745e+014	0.00361792	3.34371
1.8787e+014	0.0033905	4.07336
1.87995e+014	0.00292227	4.88541
1.8812e+014	0.00250755	5.83529
1.88245e+014	0.00245994	6.86745
1.8837e+014	0.00273767	7.80609
1.88495e+014	0.00301083	8.60751
1.88619e+014	0.00304645	9.32737
1.88744e+014	0.00278978	10.0189
1.88869e+014	0.00231956	10.7281
1.88994e+014	0.00180373	11.5097
1.89119e+014	0.00145383	12.4042
1.89244e+014	0.00140366	13.3163
1.89369e+014	0.00157382	14.0806
1.89494e+014	0.00182734	14.7035
1.89619e+014	0.00209507	15.2733
1.89744e+014	0.0023298	15.8632
1.89869e+014	0.00249264	16.5205
1.89993e+014	0.00259661	17.2737
1.90118e+014	0.00274178	18.1256
1.90243e+014	0.00306036	19.0317
1.90368e+014	0.0035779	19.9259
1.90493e+014	0.00417767	20.7827
1.90618e+014	0.00470821	21.618
1.90743e+014	0.00508288	22.4582
1.90868e+014	0.00531869	23.3244
1.90993e+014	0.00551811	24.2233
1.91118e+014	0.00579226	25.1427
1.91243e+014	0.00616842	26.0607
1.91368e+014	0.00657227	26.9646
1.91492e+014	0.0069005	27.8577
1.91617e+014	0.00710087	28.7519
1.91742e+014	0.0071991	29.6578
1.91867e+014	0.0072672	30.5778
1.91992e+014	0.00736031	31.5057
1.92117e+014	0.00747367	32.4327
1.92242e+014	0.00755761	33.3555
1.92367e+014	0.00756922	34.2776
1.92492e+014	0.00750755	35.2047
1.92617e+014	0.0074053	36.1396
1.92742e+014	0.00729129	37.0805
1.92866e+014	0.00716299	38.0242
1.92991e+014	0.00699761	38.9705
1.93116e+014	0.00678788	39.9235
1.93241e+014	0.00656173	40.8874
1.93366e+014	0.00636053	41.861
1.93491e+014	0.00619419	42.8378
1.93616e+014	0.00602468	43.8134
1.93741e+014	0.00580583	44.7923
1.93866e+014	0.00554415	45.787
1.93991e+014	0.00531908	46.8065
1.94116e+014	0.0052256	47.8429
1.94241e+014	0.00527464	48.873
1.94365e+014	0.00537014	49.8829
1.9449e+014	0.00540543	50.8815
1.94615e+014	0.00537178	51.8906
1.9474e+014	0.00538017	52.9227
1.94865e+014	0.00556347	53.9634
1.9499e+014	0.00592746	54.9813
1.95115e+014	0.00632977	55.9631
1.9524e+014	0.00661362	56.9225
1.95365e+014	0.00673691	57.8843
1.9549e+014	0.00680414	58.8657
1.95615e+014	0.00698236	59.862
1.95739e+014	0.00734038	60.8486
1.95864e+014	0.00776922	61.8061
1.95989e+014	0.00808149	62.7382
1.96114e+014	0.00816739	63.6647
1.96239e+014	0.00807628	64.6066
1.96364e+014	0.00798615	65.5724
1.96489e+014	0.00806126	66.5478
1.96614e+014	0.00829325	67.507
1.96739e+014	0.00850291	68.4377
1.96864e+014	0.00850111	69.3506
1.96989e+014	0.00823621	70.268
1.97114e+014	0.0078348	71.2109
1.97238e+014	0.00752025	72.1823
1.97363e+014	0.00742703	73.1585
1.97488e+014	0.00746356	74.1092
1.97613e+014	0.00739965	75.0276
1.97738e+014	0.00706914	75.9328
1.97863e+014	0.00649086	76.856
1.97988e+014	0.00586601	77.8233
1.98113e+014	0.0054465	78.8309
1.98238e+014	0.00530108	79.8326
1.98363e+014	0.00522967	80.7879
1.98488e+014	0.00497279	81.7037
1.98613e+014	0.00443038	82.6215
1.98737e+014	0.00372943	83.6
1.98862e+014	0.0031792	84.684
1.98987e+014	0.0030292	85.8159
1.99112e+014	0.00312876	86.8702
1.99237e+014	0.00312071	87.8372
1.99362e+014	0.00283326	88.7966
1.99487e+014	0.00238977	89.8575
1.99612e+014	0.00218689	91.0834
1.99737e+014	0.00249153	92.2859
1.99862e+014	0.00299495	93.3094
('port 4',TE,1,'port 3',1,'transmission')
(101,3)
1.8737e+014	0.000689422	0.129733
1.87495e+014	0.000600185	1.08589
1.8762e+014	0.000506812	2.13109
1.87745e+014	0.00045054	3.2724
1.8787e+014	0.000447938	4.42099
1.87995e+014	0.000469355	5.48298
1.8812e+014	0.000473142	6.46102
1.88245e+014	0.000435867	7.40101
1.8837e+014	0.000354499	8.35854
1.88495e+014	0.00024436	9.43667
1.88619e+014	0.000155695	10.9345
1.88744e+014	0.000191236	12.7126
1.88869e+014	0.000301896	13.9703
1.88994e+014	0.000406247	15.0163
1.89119e+014	0.000483522	16.0272
1.89244e+014	0.000537938	17.0646
1.89369e+014	0.000592015	18.1475
1.89494e+014	0.000676515	19.2525
1.89619e+014	0.000808063	20.3305
1.89744e+014	0.000976261	21.3546
1.89869e+014	0.00115434	22.3319
1.89993e+014	0.00131531	23.2833
1.90118e+014	0.00144238	24.2298
1.90243e+014	0.00153451	25.188
1.90368e+014	0.00160758	26.1678
1.90493e+014	0.00168823	27.1682
1.90618e+014	0.00179931	28.1763
1.90743e+014	0.00194472	29.1755
1.90868e+014	0.00210669	30.156
1.90993e+014	0.00225705	31.1189
1.91118e+014	0.00237193	32.0729
1.91243e+014	0.00244167	33.0285
1.91368e+014	0.00247385	33.9949
1.91492e+014	0.00248971	34.9765
1.91617e+014	0.00251408	35.9711
1.91742e+014	0.00256197	36.9699
1.91867e+014	0.00262973	37.9633
1.91992e+014	0.00269736	38.9457
1.92117e+014	0.00273973	39.9184
1.92242e+014	0.002739	40.8878
1.92367e+014	0.00269234	41.8629
1.92492e+014	0.00261362	42.8516
1.92617e+014	0.00252832	43.8581
1.92742e+014	0.00246197	44.8792
1.92866e+014	0.00242599	45.9055
1.92991e+014	0.00241039	46.9262
1.93116e+014	0.00239015	47.9371
1.93241e+014	0.00234067	48.9422
1.93366e+014	0.00225183	49.9525
1.93491e+014	0.00213478	50.9809
1.93616e+014	0.00201934	52.0369
1.93741e+014	0.00194077	53.1187
1.93866e+014	0.00191825	54.2102
1.93991e+014	0.00194093	55.2918
1.94116e+014	0.00197714	56.3557
1.94241e+014	0.00199797	57.4088
1.94365e+014	0.00199533	58.4658
1.9449e+014	0.00198679	59.5395
1.94615e+014	0.00200647	60.6314
1.9474e+014	0.00208337	61.728
1.94865e+014	0.00221964	62.8092
1.9499e+014	0.00238899	63.8639
1.95115e+014	0.00255521	64.895
1.9524e+014	0.0026923	65.9135
1.95365e+014	0.00279526	66.9314
1.9549e+014	0.00288048	67.9567
1.95615e+014	0.0029762	68.9899
1.95739e+014	0.00310542	70.0243
1.95864e+014	0.0032704	71.0497
1.95989e+014	0.00345019	72.0602
1.96114e+014	0.00361285	73.0564
1.96239e+014	0.00373234	74.0446
1.96364e+014	0.00380064	75.0329
1.96489e+014	0.00383072	76.0277
1.96614e+014	0.00384949	77.0315
1.96739e+014	0.00388282	78.0409
1.96864e+014	0.00393994	79.0489
1.96989e+014	0.00400771	80.0491
1.97114e+014	0.00405891	81.0395
1.97238e+014	0.00406775	82.0231
1.97363e+014	0.00402234	83.0056
1.97488e+014	0.00392904	83.9935
1.97613e+014	0.00380826	84.9906
1.97738e+014	0.00368442	85.9975
1.97863e+014	0.00357424	87.0105
1.97988e+014	0.0034791	88.0239
1.98113e+014	0.0033855	89.0329
1.98238e+014	0.00327265	90.0363
1.98363e+014	0.00312254	91.0374
1.98488e+014	0.00292817	92.0431
1.98613e+014	0.0026987	93.0632
1.98737e+014	0.00246009	94.1077
1.98862e+014	0.00224846	95.1819
1.98987e+014	0.00209296	96.2793
1.99112e+014	0.00199466	97.3822
1.99237e+014	0.00192287	98.4765
1.99362e+014	0.00183936	99.566
1.99487e+014	0.00173171	100.673
1.99612e+014	0.00163382	101.823
1.99737e+014	0.00161603	103.018
1.99862e+014	0.00172707	104.209
('port 1',TE,1,'port 4',1,'transmission')
(101,3)
1.8737e+014	0.985674	1.83919
1.87495e+014	0.985003	2.41171
1.8762e+014	0.984293	2.98425
1.87745e+014	0.983544	3.55679
1.8787e+014	0.982757	4.12934
1.87995e+014	0.981931	4.70189
1.8812e+014	0.981067	5.27445
1.88245e+014	0.980165	5.84702
1.8837e+014	0.979228	6.41959
1.88495e+014	0.978255	6.99217
1.88619e+014	0.977248	7.56475
1.88744e+014	0.976206	8.13734
1.88869e+014	0.97513	8.70994
1.88994e+014	0.974022	9.28253
1.89119e+014	0.972882	9.85514
1.89244e+014	0.971711	10.4277
1.89369e+014	0.970509	11.0004
1.89494e+014	0.969276	11.573
1.89619e+014	0.968014	12.1456
1.89744e+014	0.966722	12.7182
1.89869e+014	0.965403	13.2909
1.89993e+014	0.964056	13.8635
1.90118e+014	0.962681	14.4362
1.90243e+014	0.961279	15.0088
1.90368e+014	0.959851	15.5815
1.90493e+014	0.958397	16.1542
1.90618e+014	0.956916	16.7269
1.90743e+014	0.955409	17.2996
1.90868e+014	0.953876	17.8722
1.90993e+014	0.952318	18.4449
1.91118e+014	0.950736	19.0176
1.91243e+014	0.94913	19.5903
1.91368e+014	0.947501	20.163
1.91492e+014	0.94585	20.7357
1.91617e+014	0.944176	21.3085
1.91742e+014	0.942483	21.8812
1.91867e+014	0.940769	22.4539
1.91992e+014	0.939036	23.0266
1.92117e+014	0.937284	23.5993
1.92242e+014	0.935514	24.1721
1.92367e+014	0.933726	24.7448
1.92492e+014	0.931922	25.3175
1.92617e+014	0.930102	25.8903
1.92742e+014	0.928265	26.463
1.92866e+014	0.92641	27.0358
1.92991e+014	0.92454	27.6085
1.93116e+014	0.922654	28.1813
1.93241e+014	0.920752	28.754
1.93366e+014	0.918834	29.3268
1.93491e+014	0.916899	29.8996
1.93616e+014	0.914948	30.4724
1.93741e+014	0.912982	31.0452
1.93866e+014	0.911002	31.618
1.93991e+014	0.909007	32.1908
1.94116e+014	0.906997	32.7636
1.94241e+014	0.904972	33.3364
1.94365e+014	0.902933	33.9092
1.9449e+014	0.900881	34.482
1.94615e+014	0.898816	35.0548
1.9474e+014	0.896739	35.6276
1.94865e+014	0.894648	36.2005
1.9499e+014	0.892546	36.7733
1.95115e+014	0.890432	37.3461
1.9524e+014	0.888308	37.919
1.95365e+014	0.886174	38.4918
1.9549e+014	0.884029	39.0647
1.95615e+014	0.881873	39.6376
1.95739e+014	0.879706	40.2104
1.95864e+014	0.877529	40.7833
1.95989e+014	0.875343	41.3561
1.96114e+014	0.873148	41.929
1.96239e+014	0.870942	42.5019
1.96364e+014	0.868728	43.0748
1.96489e+014	0.866505	43.6477
1.96614e+014	0.864276	44.2205
1.96739e+014	0.862041	44.7934
1.96864e+014	0.859801	45.3663
1.96989e+014	0.857556	45.9392
1.97114e+014	0.855307	46.5121
1.97238e+014	0.853052	47.085
1.97363e+014	0.850791	47.6579
1.97488e+014	0.848525	48.2308
1.97613e+014	0.846254	48.8037
1.97738e+014	0.843978	49.3766
1.97863e+014	0.841699	49.9495
1.97988e+014	0.839415	50.5225
1.98113e+014	0.837127	51.0954
1.98238e+014	0.834833	51.6683
1.98363e+014	0.832534	52.2413
1.98488e+014	0.83023	52.8142
1.98613e+014	0.82792	53.3872
1.98737e+014	0.825604	53.9602
1.98862e+014	0.823281	54.5332
1.98987e+014	0.820951	55.1061
1.99112e+014	0.818616	55.6791
1.99237e+014	0.816278	56.2521
1.99362e+014	0.813936	56.8251
1.99487e+014	0.811591	57.3981
1.99612e+014	0.809243	57.9711
1.99737e+014	0.806893	58.5441
1.99862e+014	0.804542	59.1171
('port 2',TE,1,'port 4',1,'transmission')
(101,3)
1.8737e+014	0.134048	2.83838
1.87495e+014	0.138886	3.50606
1.8762e+014	0.143826	4.17145
1.87745e+014	0.148853	4.83474
1.8787e+014	0.153954	5.49612
1.87995e+014	0.159118	6.15575
1.8812e+014	0.164335	6.81378
1.88245e+014	0.169596	7.47035
1.8837e+014	0.174893	8.12558
1.88495e+014	0.18022	8.77958
1.88619e+014	0.185569	9.43247
1.88744e+014	0.190936	10.0843
1.88869e+014	0.196316	10.7352
1.88994e+014	0.201704	11.3853
1.89119e+014	0.207096	12.0345
1.89244e+014	0.21249	12.683
1.89369e+014	0.21788	13.3308
1.89494e+014	0.223266	13.978
1.89619e+014	0.228643	14.6246
1.89744e+014	0.23401	15.2707
1.89869e+014	0.239365	15.9163
1.89993e+014	0.244705	16.5614
1.90118e+014	0.25003	17.2062
1.90243e+014	0.255338	17.8505
1.90368e+014	0.260629	18.4944
1.90493e+014	0.265902	19.1381
1.90618e+014	0.271156	19.7814
1.90743e+014	0.276392	20.4244
1.90868e+014	0.281609	21.0671
1.90993e+014	0.286808	21.7096
1.91118e+014	0.291989	22.3518
1.91243e+014	0.297152	22.9937
1.91368e+014	0.302297	23.6355
1.91492e+014	0.307424	24.277
1.91617e+014	0.312532	24.9183
1.91742e+014	0.31762	25.5593
1.91867e+014	0.322688	26.2002
1.91992e+014	0.327735	26.8409
1.92117e+014	0.332757	27.4814
1.92242e+014	0.337755	28.1217
1.92367e+014	0.342725	28.7618
1.92492e+014	0.347667	29.4018
1.92617e+014	0.352577	30.0416
1.92742e+014	0.357455	30.6813
1.92866e+014	0.362297	31.3208
1.92991e+014	0.367104	31.9603
1.93116e+014	0.371873	32.5996
1.93241e+014	0.376605	33.2388
1.93366e+014	0.381299	33.8779
1.93491e+014	0.385953	34.5169
1.93616e+014	0.39057	35.1559
1.93741e+014	0.395149	35.7948
1.93866e+014	0.399691	36.4336
1.93991e+014	0.404197	37.0724
1.94116e+014	0.408668	37.7111
1.94241e+014	0.413105	38.3497
1.94365e+014	0.417507	38.9883
1.9449e+014	0.421878	39.6268
1.94615e+014	0.426217	40.2653
1.9474e+014	0.430524	40.9038
1.94865e+014	0.434801	41.5422
1.9499e+014	0.439048	42.1806
1.95115e+014	0.443264	42.8189
1.9524e+014	0.447452	43.4572
1.95365e+014	0.451611	44.0954
1.9549e+014	0.455741	44.7336
1.95615e+014	0.459843	45.3718
1.95739e+014	0.463917	46.01
1.95864e+014	0.467965	46.6481
1.95989e+014	0.471986	47.2861
1.96114e+014	0.475981	47.9242
1.96239e+014	0.479951	48.5622
1.96364e+014	0.483895	49.2001
1.96489e+014	0.487815	49.8381
1.96614e+014	0.491711	50.4759
1.96739e+014	0.495584	51.1138
1.96864e+014	0.499433	51.7516
1.96989e+014	0.503259	52.3894
1.97114e+014	0.507062	53.0271
1.97238e+014	0.51084	53.6649
1.97363e+014	0.514594	54.3025
1.97488e+014	0.518323	54.9402
1.97613e+014	0.522026	55.5778
1.97738e+014	0.525704	56.2154
1.97863e+014	0.529356	56.853
1.97988e+014	0.532983	57.4906
1.98113e+014	0.536582	58.1282
1.98238e+014	0.540155	58.7657
1.98363e+014	0.543701	59.4032
1.98488e+014	0.547222	60.0407
1.98613e+014	0.550717	60.6782
1.98737e+014	0.554187	61.3157
1.98862e+014	0.557632	61.9531
1.98987e+014	0.561051	62.5906
1.99112e+014	0.564446	63.228
1.99237e+014	0.567817	63.8654
1.99362e+014	0.571164	64.5028
1.99487e+014	0.574484	65.1401
1.99612e+014	0.577779	65.7775
1.99737e+014	0.581047	66.4148
1.99862e+014	0.584288	67.0521
('port 3',TE,1,'port 4',1,'transmission')
(101,3)
1.8737e+014	0.000348581	-1.23548
1.87495e+014	0.000374175	-0.414541
1.8762e+014	0.000374962	0.433119
1.87745e+014	0.000355429	1.32937
1.8787e+014	0.000328182	2.3016
1.87995e+014	0.000314524	3.35805
1.8812e+014	0.00033362	4.43692
1.88245e+014	0.000382882	5.44432
1.8837e+014	0.000440913	6.35492
1.88495e+014	0.000485838	7.19453
1.88619e+014	0.000503618	7.99421
1.88744e+014	0.000489302	8.77983
1.88869e+014	0.000446871	9.57613
1.88994e+014	0.000388828	10.412
1.89119e+014	0.000335326	11.3172
1.89244e+014	0.000309617	12.2877
1.89369e+014	0.000323856	13.2443
1.89494e+014	0.000369674	14.1086
1.89619e+014	0.000432033	14.8828
1.89744e+014	0.000500976	15.6083
1.89869e+014	0.000570435	16.3251
1.89993e+014	0.000635454	17.0631
1.90118e+014	0.000692969	17.8431
1.90243e+014	0.000745267	18.678
1.90368e+014	0.00080298	19.571
1.90493e+014	0.000883336	20.5102
1.90618e+014	0.00100124	21.4702
1.90743e+014	0.00115886	22.4256
1.90868e+014	0.00134363	23.3651
1.90993e+014	0.00153475	24.2911
1.91118e+014	0.00171167	25.2128
1.91243e+014	0.00186075	26.1405
1.91368e+014	0.00197986	27.0834
1.91492e+014	0.00207987	28.047
1.91617e+014	0.00218094	29.0307
1.91742e+014	0.00230241	30.0268
1.91867e+014	0.00245042	31.0241
1.91992e+014	0.00261228	32.0138
1.92117e+014	0.00276246	32.9943
1.92242e+014	0.0028755	33.9705
1.92367e+014	0.00293809	34.9507
1.92492e+014	0.00295533	35.943
1.92617e+014	0.00294902	36.9526
1.92742e+014	0.00294721	37.9783
1.92866e+014	0.00296839	39.0125
1.92991e+014	0.00300983	40.0457
1.93116e+014	0.00304958	41.0725
1.93241e+014	0.00306058	42.0946
1.93366e+014	0.00302671	43.1193
1.93491e+014	0.00295236	44.1563
1.93616e+014	0.00286268	45.2133
1.93741e+014	0.00279318	46.291
1.93866e+014	0.0027706	47.3807
1.93991e+014	0.00279577	48.469
1.94116e+014	0.00284369	49.5469
1.94241e+014	0.00288221	50.6159
1.94365e+014	0.00289417	51.685
1.9449e+014	0.00288965	52.7648
1.94615e+014	0.00290245	53.8598
1.9474e+014	0.00296955	54.9629
1.94865e+014	0.00310367	56.0589
1.9499e+014	0.00328205	57.1355
1.95115e+014	0.00346267	58.1918
1.9524e+014	0.00361113	59.2356
1.95365e+014	0.00371851	60.2772
1.9549e+014	0.00380318	61.3239
1.95615e+014	0.00389732	62.376
1.95739e+014	0.00402451	63.4273
1.95864e+014	0.00418281	64.4692
1.95989e+014	0.00434583	65.4972
1.96114e+014	0.00447947	66.5127
1.96239e+014	0.00456039	67.5211
1.96364e+014	0.00458579	68.529
1.96489e+014	0.00457216	69.541
1.96614e+014	0.00454512	70.558
1.96739e+014	0.0045255	71.5772
1.96864e+014	0.00451844	72.5933
1.96989e+014	0.00451166	73.6018
1.97114e+014	0.00448298	74.6014
1.97238e+014	0.00441175	75.5939
1.97363e+014	0.00428828	76.5838
1.97488e+014	0.00411821	77.5763
1.97613e+014	0.00392104	78.576
1.97738e+014	0.00372292	79.5843
1.97863e+014	0.00354494	80.5983
1.97988e+014	0.003392	81.6113
1.98113e+014	0.00324948	82.6169
1.98238e+014	0.00309143	83.6131
1.98363e+014	0.00289552	84.6039
1.98488e+014	0.00265612	85.5994
1.98613e+014	0.00239008	86.6131
1.98737e+014	0.0021334	87.6571
1.98862e+014	0.00192636	88.7337
1.98987e+014	0.00178917	89.8283
1.99112e+014	0.00170508	90.9183
1.99237e+014	0.00163342	91.9944
1.99362e+014	0.00154266	93.0703
1.99487e+014	0.00143603	94.1748
1.99612e+014	0.0013582	95.3319
1.99737e+014	0.00137213	96.5263
1.99862e+014	0.00150187	97.6981
('port 4',TE,1,'port 4',1,'transmission')
(101,3)
1.8737e+014	0.000512234	-1.10992
1.87495e+014	0.000454277	-0.927152
1.8762e+014	0.000380962	-0.764352
1.87745e+014	0.000303337	-0.638841
1.8787e+014	0.000229982	-0.557188
1.87995e+014	0.000161136	-0.521844
1.8812e+014	9.23307e-005	-0.617838
1.88245e+014	4.83408e-005	-1.57666
1.8837e+014	0.000108605	-2.36597
1.88495e+014	0.000194029	-2.35479
1.88619e+014	0.000272036	-2.2136
1.88744e+014	0.000335284	-2.05205
1.88869e+014	0.000385533	-1.89863
1.88994e+014	0.000429377	-1.75325
1.89119e+014	0.000470741	-1.60052
1.89244e+014	0.000505538	-1.42637
1.89369e+014	0.000524031	-1.22983
1.89494e+014	0.000518205	-1.02239
1.89619e+014	0.000487913	-0.82146
1.89744e+014	0.000442209	-0.642059
1.89869e+014	0.000394325	-0.483608
1.89993e+014	0.000351304	-0.316732
1.90118e+014	0.000307169	-0.0908827
1.90243e+014	0.000250445	0.249767
1.90368e+014	0.00018234	0.805237
1.90493e+014	0.000142717	1.76944
1.90618e+014	0.000187312	2.75842
1.90743e+014	0.000270232	3.33428
1.90868e+014	0.000345275	3.67621
1.90993e+014	0.000410855	3.87643
1.91118e+014	0.000492822	3.99504
1.91243e+014	0.000614032	4.1157
1.91368e+014	0.000764575	4.29073
1.91492e+014	0.000908923	4.51462
1.91617e+014	0.001011	4.7573
1.91742e+014	0.00105352	4.98552
1.91867e+014	0.00104985	5.16938
1.91992e+014	0.00104357	5.29637
1.92117e+014	0.00108117	5.39548
1.92242e+014	0.00116571	5.5226
1.92367e+014	0.00125069	5.70305
1.92492e+014	0.00128254	5.91985
1.92617e+014	0.00123697	6.13748
1.92742e+014	0.00113288	6.31611
1.92866e+014	0.00102788	6.42737
1.92991e+014	0.000983014	6.49373
1.93116e+014	0.00100068	6.59082
1.93241e+014	0.00101978	6.75959
1.93366e+014	0.000981014	6.97655
1.93491e+014	0.000869396	7.18937
1.93616e+014	0.000720999	7.33205
1.93741e+014	0.000611066	7.35697
1.93866e+014	0.000594443	7.34979
1.93991e+014	0.000627758	7.46117
1.94116e+014	0.000630543	7.69231
1.94241e+014	0.000566853	7.96749
1.94365e+014	0.000452552	8.19163
1.9449e+014	0.000350422	8.23825
1.94615e+014	0.000345031	8.15508
1.9474e+014	0.000423099	8.27826
1.94865e+014	0.000501589	8.61722
1.9499e+014	0.00053633	9.04571
1.95115e+014	0.000515649	9.47034
1.9524e+014	0.00045157	9.79216
1.95365e+014	0.000400235	9.88703
1.9549e+014	0.000464176	9.8455
1.95615e+014	0.000647544	9.98582
1.95739e+014	0.00085232	10.2901
1.95864e+014	0.00099517	10.6476
1.95989e+014	0.00102957	10.9851
1.96114e+014	0.000962773	11.2331
1.96239e+014	0.00088606	11.3183
1.96364e+014	0.000951737	11.2962
1.96489e+014	0.00118097	11.3803
1.96614e+014	0.00142953	11.6088
1.96739e+014	0.00156484	11.9048
1.96864e+014	0.001529	12.1975
1.96989e+014	0.00135285	12.4161
1.97114e+014	0.00117207	12.4855
1.97238e+014	0.00117377	12.4493
1.97363e+014	0.00136058	12.5161
1.97488e+014	0.00154229	12.7331
1.97613e+014	0.00157219	13.0247
1.97738e+014	0.00141053	13.3158
1.97863e+014	0.00111853	13.5198
1.97988e+014	0.000862591	13.5185
1.98113e+014	0.000839544	13.3837
1.98238e+014	0.000974782	13.4428
1.98363e+014	0.0010449	13.6933
1.98488e+014	0.000951226	14.0163
1.98613e+014	0.000707844	14.3113
1.98737e+014	0.000416273	14.3747
1.98862e+014	0.000315637	13.8543
1.98987e+014	0.000451644	13.7078
1.99112e+014	0.000529272	13.9804
1.99237e+014	0.000464741	14.35
1.99362e+014	0.000284853	14.6466
1.99487e+014	0.000119649	14.0962
1.99612e+014	0.000247596	13.468
1.99737e+014	0.000376166	13.8297
1.99862e+014	0.000395378	14.3689
